#K-Path      Energy-Level
# NKPTS & NBANDS:  12 136
# Band-Index    1
   0.00000    -21.726568
   0.09309    -21.702848
   0.18619    -21.632496
   0.27928    -21.534124
   0.27928    -21.534124
   0.35990    -21.516523
   0.44052    -21.475456
   0.44052    -21.475456
   0.52114    -21.569085
   0.60176    -21.655725
   0.68239    -21.708742
   0.76301    -21.726568
 
 
# Band-Index    2
   0.76301    -21.103929
   0.68239    -21.157737
   0.60176    -21.259950
   0.52114    -21.370136
   0.44052    -21.432961
   0.44052    -21.432961
   0.35990    -21.479845
   0.27928    -21.495837
   0.27928    -21.495837
   0.18619    -21.357810
   0.09309    -21.187255
   0.00000    -21.103929
 
 
# Band-Index    3
   0.00000    -21.103436
   0.09309    -21.134688
   0.18619    -21.178682
   0.27928    -21.196002
   0.27928    -21.196002
   0.35990    -21.302580
   0.44052    -21.432469
   0.44052    -21.432469
   0.52114    -21.357357
   0.60176    -21.254579
   0.68239    -21.141373
   0.76301    -21.103436
 
 
# Band-Index    4
   0.76301    -20.817446
   0.68239    -20.937877
   0.60176    -20.944122
   0.52114    -20.897774
   0.44052    -20.863088
   0.44052    -20.863088
   0.35990    -20.925209
   0.27928    -21.022825
   0.27928    -21.022825
   0.18619    -21.008110
   0.09309    -20.956239
   0.00000    -20.817446
 
 
# Band-Index    5
   0.00000    -20.791233
   0.09309    -20.720684
   0.18619    -20.568065
   0.27928    -20.454006
   0.27928    -20.454006
   0.35990    -20.465898
   0.44052    -20.400844
   0.44052    -20.400844
   0.52114    -20.530756
   0.60176    -20.644269
   0.68239    -20.741486
   0.76301    -20.791233
 
 
# Band-Index    6
   0.76301    -20.790867
   0.68239    -20.584639
   0.60176    -20.326517
   0.52114    -20.222374
   0.44052    -20.400191
   0.44052    -20.400191
   0.35990    -20.255783
   0.27928    -20.153700
   0.27928    -20.153700
   0.18619    -20.260772
   0.09309    -20.549666
   0.00000    -20.790867
 
 
# Band-Index    7
   0.00000    -20.231369
   0.09309    -20.163098
   0.18619    -20.023668
   0.27928    -19.967865
   0.27928    -19.967865
   0.35990    -19.905252
   0.44052    -19.826768
   0.44052    -19.826768
   0.52114    -20.011183
   0.60176    -20.038916
   0.68239    -20.179763
   0.76301    -20.231369
 
 
# Band-Index    8
   0.76301    -19.766428
   0.68239    -19.825503
   0.60176    -19.980534
   0.52114    -19.849817
   0.44052    -19.726338
   0.44052    -19.726338
   0.35990    -19.836760
   0.27928    -19.948039
   0.27928    -19.948039
   0.18619    -19.980186
   0.09309    -19.843514
   0.00000    -19.766428
 
 
# Band-Index    9
   0.00000    -19.041835
   0.09309    -19.288057
   0.18619    -19.633246
   0.27928    -19.818852
   0.27928    -19.818852
   0.35990    -19.787248
   0.44052    -19.724779
   0.44052    -19.724779
   0.52114    -19.655226
   0.60176    -19.483327
   0.68239    -19.236173
   0.76301    -19.041835
 
 
# Band-Index   10
   0.76301    -18.796460
   0.68239    -18.953884
   0.60176    -19.153521
   0.52114    -19.346519
   0.44052    -19.471923
   0.44052    -19.471923
   0.35990    -19.416810
   0.27928    -19.384109
   0.27928    -19.384109
   0.18619    -19.166470
   0.09309    -18.934760
   0.00000    -18.796460
 
 
# Band-Index   11
   0.00000    -18.796003
   0.09309    -18.877844
   0.18619    -19.000923
   0.27928    -19.010818
   0.27928    -19.010818
   0.35990    -19.246479
   0.44052    -19.471279
   0.44052    -19.471279
   0.52114    -19.305598
   0.60176    -19.027734
   0.68239    -18.823042
   0.76301    -18.796003
 
 
# Band-Index   12
   0.76301    -18.667074
   0.68239    -18.528206
   0.60176    -18.577674
   0.52114    -18.723508
   0.44052    -18.786751
   0.44052    -18.786751
   0.35990    -18.710387
   0.27928    -18.618501
   0.27928    -18.618501
   0.18619    -18.629567
   0.09309    -18.576857
   0.00000    -18.667074
 
 
# Band-Index   13
   0.00000    -18.666132
   0.09309    -18.435788
   0.18619    -18.536075
   0.27928    -18.581957
   0.27928    -18.581957
   0.35990    -18.351925
   0.44052    -17.997247
   0.44052    -17.997247
   0.52114    -18.238436
   0.60176    -18.463116
   0.68239    -18.503465
   0.76301    -18.666132
 
 
# Band-Index   14
   0.76301    -18.368134
   0.68239    -18.422898
   0.60176    -18.284015
   0.52114    -18.107666
   0.44052    -17.996533
   0.44052    -17.996533
   0.35990    -18.057608
   0.27928    -18.236603
   0.27928    -18.236603
   0.18619    -18.200337
   0.09309    -18.393910
   0.00000    -18.368134
 
 
# Band-Index   15
   0.00000    -18.367525
   0.09309    -18.368860
   0.18619    -18.007581
   0.27928    -17.736350
   0.27928    -17.736350
   0.35990    -17.728903
   0.44052    -17.923965
   0.44052    -17.923965
   0.52114    -17.776177
   0.60176    -18.018879
   0.68239    -18.381684
   0.76301    -18.367525
 
 
# Band-Index   16
   0.76301    -17.935328
   0.68239    -17.804207
   0.60176    -17.818149
   0.52114    -17.697269
   0.44052    -17.524401
   0.44052    -17.524401
   0.35990    -17.665393
   0.27928    -17.486048
   0.27928    -17.486048
   0.18619    -17.795319
   0.09309    -17.888582
   0.00000    -17.935328
 
 
# Band-Index   17
   0.00000    -17.698233
   0.09309    -17.654408
   0.18619    -17.379956
   0.27928    -17.327786
   0.27928    -17.327786
   0.35990    -17.388181
   0.44052    -17.523504
   0.44052    -17.523504
   0.52114    -17.614136
   0.60176    -17.700761
   0.68239    -17.800239
   0.76301    -17.698233
 
 
# Band-Index   18
   0.76301    -17.696831
   0.68239    -17.572103
   0.60176    -17.199124
   0.52114    -17.158415
   0.44052    -17.471418
   0.44052    -17.471418
   0.35990    -17.313823
   0.27928    -17.266750
   0.27928    -17.266750
   0.18619    -17.316970
   0.09309    -17.588967
   0.00000    -17.696831
 
 
# Band-Index   19
   0.00000    -17.509463
   0.09309    -17.255148
   0.18619    -16.985794
   0.27928    -16.935940
   0.27928    -16.935940
   0.35990    -16.891171
   0.44052    -16.705859
   0.44052    -16.705859
   0.52114    -16.927617
   0.60176    -17.069945
   0.68239    -17.303765
   0.76301    -17.509463
 
 
# Band-Index   20
   0.76301    -15.829062
   0.68239    -16.184535
   0.60176    -16.639638
   0.52114    -16.752660
   0.44052    -16.705631
   0.44052    -16.705631
   0.35990    -16.767526
   0.27928    -16.930480
   0.27928    -16.930480
   0.18619    -16.725647
   0.09309    -16.237537
   0.00000    -15.829062
 
 
# Band-Index   21
   0.00000    -15.828758
   0.09309    -16.102520
   0.18619    -16.476496
   0.27928    -16.691846
   0.27928    -16.691846
   0.35990    -16.706898
   0.44052    -16.668841
   0.44052    -16.668841
   0.52114    -16.526534
   0.60176    -16.276425
   0.68239    -16.003479
   0.76301    -15.828758
 
 
# Band-Index   22
   0.76301    -15.754226
   0.68239    -15.884893
   0.60176    -16.200596
   0.52114    -16.383612
   0.44052    -16.445796
   0.44052    -16.445796
   0.35990    -16.278256
   0.27928    -16.441001
   0.27928    -16.441001
   0.18619    -16.236736
   0.09309    -15.910582
   0.00000    -15.754226
 
 
# Band-Index   23
   0.00000    -15.754150
   0.09309    -15.878186
   0.18619    -16.202422
   0.27928    -16.148172
   0.27928    -16.148172
   0.35990    -16.201650
   0.44052    -16.175486
   0.44052    -16.175486
   0.52114    -16.244906
   0.60176    -16.118712
   0.68239    -15.865052
   0.76301    -15.754150
 
 
# Band-Index   24
   0.76301    -15.546235
   0.68239    -15.640678
   0.60176    -15.790643
   0.52114    -15.920861
   0.44052    -16.020039
   0.44052    -16.020039
   0.35990    -16.123165
   0.27928    -15.805077
   0.27928    -15.805077
   0.18619    -15.741906
   0.09309    -15.668454
   0.00000    -15.546235
 
 
# Band-Index   25
   0.00000    -15.442374
   0.09309    -15.461912
   0.18619    -15.573551
   0.27928    -15.763526
   0.27928    -15.763526
   0.35990    -15.756816
   0.44052    -16.018481
   0.44052    -16.018481
   0.52114    -15.870926
   0.60176    -15.613932
   0.68239    -15.471986
   0.76301    -15.442374
 
 
# Band-Index   26
   0.76301    -15.441380
   0.68239    -15.404081
   0.60176    -15.208400
   0.52114    -15.133022
   0.44052    -15.145021
   0.44052    -15.145021
   0.35990    -15.242665
   0.27928    -15.212604
   0.27928    -15.212604
   0.18619    -15.280190
   0.09309    -15.403415
   0.00000    -15.441380
 
 
# Band-Index   27
   0.00000    -15.390460
   0.09309    -14.977525
   0.18619    -15.034308
   0.27928    -15.102015
   0.27928    -15.102015
   0.35990    -14.890376
   0.44052    -15.144576
   0.44052    -15.144576
   0.52114    -15.019365
   0.60176    -14.892593
   0.68239    -15.065823
   0.76301    -15.390460
 
 
# Band-Index   28
   0.76301    -14.875261
   0.68239    -14.734489
   0.60176    -14.702164
   0.52114    -14.702538
   0.44052    -14.463265
   0.44052    -14.463265
   0.35990    -14.831268
   0.27928    -14.588443
   0.27928    -14.588443
   0.18619    -14.583162
   0.09309    -14.836797
   0.00000    -14.875261
 
 
# Band-Index   29
   0.00000    -14.675787
   0.09309    -14.523027
   0.18619    -14.326740
   0.27928    -14.258729
   0.27928    -14.258729
   0.35990    -14.166589
   0.44052    -14.462407
   0.44052    -14.462407
   0.52114    -14.356722
   0.60176    -14.555476
   0.68239    -14.682027
   0.76301    -14.675787
 
 
# Band-Index   30
   0.76301    -14.675062
   0.68239    -14.434989
   0.60176    -14.175105
   0.52114    -13.842770
   0.44052    -13.785649
   0.44052    -13.785649
   0.35990    -13.933634
   0.27928    -14.090399
   0.27928    -14.090399
   0.18619    -14.220948
   0.09309    -14.439299
   0.00000    -14.675062
 
 
# Band-Index   31
   0.00000    -14.471190
   0.09309    -14.376112
   0.18619    -14.098049
   0.27928    -13.921560
   0.27928    -13.921560
   0.35990    -13.876459
   0.44052    -13.470930
   0.44052    -13.470930
   0.52114    -13.786854
   0.60176    -14.021331
   0.68239    -14.402181
   0.76301    -14.471190
 
 
# Band-Index   32
   0.76301    -13.829436
   0.68239    -13.943303
   0.60176    -13.919098
   0.52114    -13.705930
   0.44052    -13.470360
   0.44052    -13.470360
   0.35990    -13.447086
   0.27928    -13.614286
   0.27928    -13.614286
   0.18619    -13.870833
   0.09309    -13.947132
   0.00000    -13.829436
 
 
# Band-Index   33
   0.00000    -13.829012
   0.09309    -13.939677
   0.18619    -13.664330
   0.27928    -13.300022
   0.27928    -13.300022
   0.35990    -13.359334
   0.44052    -13.405405
   0.44052    -13.405405
   0.52114    -13.468655
   0.60176    -13.859514
   0.68239    -13.919444
   0.76301    -13.829012
 
 
# Band-Index   34
   0.76301    -13.474563
   0.68239    -13.343423
   0.60176    -13.143037
   0.52114    -13.023919
   0.44052    -13.166226
   0.44052    -13.166226
   0.35990    -13.200490
   0.27928    -13.152146
   0.27928    -13.152146
   0.18619    -13.069655
   0.09309    -13.319848
   0.00000    -13.474563
 
 
# Band-Index   35
   0.00000    -13.473836
   0.09309    -13.242587
   0.18619    -12.950631
   0.27928    -12.863259
   0.27928    -12.863259
   0.35990    -12.784555
   0.44052    -12.967763
   0.44052    -12.967763
   0.52114    -12.943783
   0.60176    -13.015237
   0.68239    -13.293519
   0.76301    -13.473836
 
 
# Band-Index   36
   0.76301    -12.187029
   0.68239    -12.088432
   0.60176    -12.538826
   0.52114    -12.752873
   0.44052    -12.967160
   0.44052    -12.967160
   0.35990    -12.764483
   0.27928    -12.683561
   0.27928    -12.683561
   0.18619    -12.604920
   0.09309    -12.054590
   0.00000    -12.187029
 
 
# Band-Index   37
   0.00000    -11.611004
   0.09309    -12.051284
   0.18619    -12.299845
   0.27928    -12.447496
   0.27928    -12.447496
   0.35990    -12.722811
   0.44052    -12.661261
   0.44052    -12.661261
   0.52114    -12.658096
   0.60176    -12.227853
   0.68239    -11.950733
   0.76301    -11.611004
 
 
# Band-Index   38
   0.76301    -11.483124
   0.68239    -11.762865
   0.60176    -12.036133
   0.52114    -12.565419
   0.44052    -12.660249
   0.44052    -12.660249
   0.35990    -12.582458
   0.27928    -12.440096
   0.27928    -12.440096
   0.18619    -12.228755
   0.09309    -11.781612
   0.00000    -11.483124
 
 
# Band-Index   39
   0.00000    -11.450283
   0.09309    -11.665865
   0.18619    -11.987413
   0.27928    -12.421566
   0.27928    -12.421566
   0.35990    -12.331600
   0.44052    -12.296220
   0.44052    -12.296220
   0.52114    -12.132674
   0.60176    -11.792262
   0.68239    -11.579641
   0.76301    -11.450283
 
 
# Band-Index   40
   0.76301    -11.450069
   0.68239    -11.568619
   0.60176    -11.770495
   0.52114    -11.709337
   0.44052    -11.698560
   0.44052    -11.698560
   0.35990    -11.926614
   0.27928    -12.162628
   0.27928    -12.162628
   0.18619    -11.851419
   0.09309    -11.590993
   0.00000    -11.450069
 
 
# Band-Index   41
   0.00000    -11.287483
   0.09309    -11.469045
   0.18619    -11.636775
   0.27928    -11.363440
   0.27928    -11.363440
   0.35990    -11.419061
   0.44052    -11.697820
   0.44052    -11.697820
   0.52114    -11.613760
   0.60176    -11.527289
   0.68239    -11.363596
   0.76301    -11.287483
 
 
# Band-Index   42
   0.76301    -11.286442
   0.68239    -11.330649
   0.60176    -11.434067
   0.52114    -11.289598
   0.44052    -11.388246
   0.44052    -11.388246
   0.35990    -11.145460
   0.27928    -10.980861
   0.27928    -10.980861
   0.18619    -11.098728
   0.09309    -11.307586
   0.00000    -11.286442
 
 
# Band-Index   43
   0.00000    -11.077631
   0.09309    -11.017610
   0.18619    -10.982851
   0.27928    -10.971810
   0.27928    -10.971810
   0.35990    -11.127291
   0.44052    -10.772844
   0.44052    -10.772844
   0.52114    -11.116126
   0.60176    -11.107113
   0.68239    -11.188897
   0.76301    -11.077631
 
 
# Band-Index   44
   0.76301    -11.076252
   0.68239    -10.814465
   0.60176    -10.853306
   0.52114    -10.796379
   0.44052    -10.772142
   0.44052    -10.772142
   0.35990    -10.812144
   0.27928    -10.820201
   0.27928    -10.820201
   0.18619    -10.891863
   0.09309    -10.991607
   0.00000    -11.076252
 
 
# Band-Index   45
   0.00000    -11.008805
   0.09309    -10.562232
   0.18619    -10.512847
   0.27928    -10.766774
   0.27928    -10.766774
   0.35990    -10.586513
   0.44052    -10.547854
   0.44052    -10.547854
   0.52114    -10.380414
   0.60176    -10.327964
   0.68239    -10.734003
   0.76301    -11.008805
 
 
# Band-Index   46
   0.76301    -10.401296
   0.68239    -10.427248
   0.60176    -10.250024
   0.52114    -10.369537
   0.44052    -10.508317
   0.44052    -10.508317
   0.35990    -10.156270
   0.27928    -10.303071
   0.27928    -10.303071
   0.18619    -10.449522
   0.09309    -10.448937
   0.00000    -10.401296
 
 
# Band-Index   47
   0.00000    -10.284485
   0.09309    -10.249983
   0.18619    -10.082632
   0.27928    -10.020661
   0.27928    -10.020661
   0.35990    -10.008746
   0.44052     -9.813334
   0.44052     -9.813334
   0.52114     -9.973071
   0.60176    -10.147984
   0.68239    -10.238830
   0.76301    -10.284485
 
 
# Band-Index   48
   0.76301    -10.284166
   0.68239    -10.142212
   0.60176    -10.136765
   0.52114     -9.739876
   0.44052     -9.812395
   0.44052     -9.812395
   0.35990     -9.935680
   0.27928    -10.014660
   0.27928    -10.014660
   0.18619     -9.771014
   0.09309    -10.105260
   0.00000    -10.284166
 
 
# Band-Index   49
   0.00000     -9.749003
   0.09309     -9.715043
   0.18619     -9.661080
   0.27928     -9.627052
   0.27928     -9.627052
   0.35990     -9.665838
   0.44052     -9.512946
   0.44052     -9.512946
   0.52114     -9.639288
   0.60176     -9.674552
   0.68239     -9.699371
   0.76301     -9.749003
 
 
# Band-Index   50
   0.76301     -9.582386
   0.68239     -9.672683
   0.60176     -9.583494
   0.52114     -9.565577
   0.44052     -9.410074
   0.44052     -9.410074
   0.35990     -9.467138
   0.27928     -9.405379
   0.27928     -9.405379
   0.18619     -9.606832
   0.09309     -9.656494
   0.00000     -9.582386
 
 
# Band-Index   51
   0.00000     -9.215775
   0.09309     -9.295446
   0.18619     -9.551560
   0.27928     -9.200513
   0.27928     -9.200513
   0.35990     -9.248681
   0.44052     -9.409021
   0.44052     -9.409021
   0.52114     -9.423780
   0.60176     -9.387674
   0.68239     -9.294819
   0.76301     -9.215775
 
 
# Band-Index   52
   0.76301     -9.213963
   0.68239     -9.278780
   0.60176     -9.147747
   0.52114     -9.254679
   0.44052     -9.076773
   0.44052     -9.076773
   0.35990     -9.089242
   0.27928     -9.198104
   0.27928     -9.198104
   0.18619     -8.976800
   0.09309     -9.273026
   0.00000     -9.213963
 
 
# Band-Index   53
   0.00000     -9.110060
   0.09309     -8.963005
   0.18619     -8.952781
   0.27928     -8.996738
   0.27928     -8.996738
   0.35990     -9.061859
   0.44052     -9.076073
   0.44052     -9.076073
   0.52114     -8.866206
   0.60176     -8.940617
   0.68239     -8.963903
   0.76301     -9.110060
 
 
# Band-Index   54
   0.76301     -9.109857
   0.68239     -8.900240
   0.60176     -8.842655
   0.52114     -8.701646
   0.44052     -9.072701
   0.44052     -9.072701
   0.35990     -8.800636
   0.27928     -8.666804
   0.27928     -8.666804
   0.18619     -8.736010
   0.09309     -8.851012
   0.00000     -9.109857
 
 
# Band-Index   55
   0.00000     -9.020046
   0.09309     -8.788186
   0.18619     -8.671031
   0.27928     -8.436719
   0.27928     -8.436719
   0.35990     -8.509722
   0.44052     -8.381082
   0.44052     -8.381082
   0.52114     -8.601299
   0.60176     -8.663478
   0.68239     -8.830304
   0.76301     -9.020046
 
 
# Band-Index   56
   0.76301     -8.477391
   0.68239     -8.546239
   0.60176     -8.403422
   0.52114     -8.517051
   0.44052     -8.380225
   0.44052     -8.380225
   0.35990     -8.362539
   0.27928     -8.403032
   0.27928     -8.403032
   0.18619     -8.456538
   0.09309     -8.584909
   0.00000     -8.477391
 
 
# Band-Index   57
   0.00000     -8.360875
   0.09309     -8.446652
   0.18619     -8.355568
   0.27928     -8.351524
   0.27928     -8.351524
   0.35990     -8.219948
   0.44052     -8.160425
   0.44052     -8.160425
   0.52114     -8.273192
   0.60176     -8.385478
   0.68239     -8.454171
   0.76301     -8.360875
 
 
# Band-Index   58
   0.76301     -8.116478
   0.68239     -8.339859
   0.60176     -8.334293
   0.52114     -8.193482
   0.44052     -8.160413
   0.44052     -8.160413
   0.35990     -8.208406
   0.27928     -8.230418
   0.27928     -8.230418
   0.18619     -8.284627
   0.09309     -8.307825
   0.00000     -8.116478
 
 
# Band-Index   59
   0.00000     -8.115288
   0.09309     -8.168964
   0.18619     -8.030193
   0.27928     -8.206177
   0.27928     -8.206177
   0.35990     -8.181597
   0.44052     -8.085178
   0.44052     -8.085178
   0.52114     -8.014297
   0.60176     -8.025455
   0.68239     -8.107945
   0.76301     -8.115288
 
 
# Band-Index   60
   0.76301     -8.093215
   0.68239     -7.920290
   0.60176     -8.000345
   0.52114     -7.977390
   0.44052     -8.083166
   0.44052     -8.083166
   0.35990     -8.149800
   0.27928     -8.172445
   0.27928     -8.172445
   0.18619     -8.002637
   0.09309     -7.937640
   0.00000     -8.093215
 
 
# Band-Index   61
   0.00000     -7.774892
   0.09309     -7.732305
   0.18619     -7.989823
   0.27928     -7.805628
   0.27928     -7.805628
   0.35990     -7.907535
   0.44052     -8.019323
   0.44052     -8.019323
   0.52114     -7.908519
   0.60176     -7.857248
   0.68239     -7.801546
   0.76301     -7.774892
 
 
# Band-Index   62
   0.76301     -7.654614
   0.68239     -7.662492
   0.60176     -7.831579
   0.52114     -7.839510
   0.44052     -8.019007
   0.44052     -8.019007
   0.35990     -7.807276
   0.27928     -7.748363
   0.27928     -7.748363
   0.18619     -7.856687
   0.09309     -7.728815
   0.00000     -7.654614
 
 
# Band-Index   63
   0.00000     -7.653628
   0.09309     -7.614149
   0.18619     -7.733204
   0.27928     -7.716253
   0.27928     -7.716253
   0.35990     -7.616917
   0.44052     -7.569078
   0.44052     -7.569078
   0.52114     -7.828007
   0.60176     -7.785086
   0.68239     -7.661110
   0.76301     -7.653628
 
 
# Band-Index   64
   0.76301     -7.546440
   0.68239     -7.571850
   0.60176     -7.742020
   0.52114     -7.662363
   0.44052     -7.485301
   0.44052     -7.485301
   0.35990     -7.593066
   0.27928     -7.713196
   0.27928     -7.713196
   0.18619     -7.689336
   0.09309     -7.605937
   0.00000     -7.546440
 
 
# Band-Index   65
   0.00000     -7.546049
   0.09309     -7.521286
   0.18619     -7.583599
   0.27928     -7.606748
   0.27928     -7.606748
   0.35990     -7.539028
   0.44052     -7.368656
   0.44052     -7.368656
   0.52114     -7.588186
   0.60176     -7.503516
   0.68239     -7.545614
   0.76301     -7.546049
 
 
# Band-Index   66
   0.76301     -7.415937
   0.68239     -7.473923
   0.60176     -7.444543
   0.52114     -7.475159
   0.44052     -7.368185
   0.44052     -7.368185
   0.35990     -7.428925
   0.27928     -7.499966
   0.27928     -7.499966
   0.18619     -7.420913
   0.09309     -7.514592
   0.00000     -7.415937
 
 
# Band-Index   67
   0.00000     -7.333969
   0.09309     -7.433800
   0.18619     -7.362972
   0.27928     -7.386023
   0.27928     -7.386023
   0.35990     -7.417202
   0.44052     -7.330822
   0.44052     -7.330822
   0.52114     -7.328411
   0.60176     -7.419949
   0.68239     -7.399954
   0.76301     -7.333969
 
 
# Band-Index   68
   0.76301     -7.333837
   0.68239     -7.366922
   0.60176     -7.306927
   0.52114     -7.200639
   0.44052     -7.330404
   0.44052     -7.330404
   0.35990     -7.396475
   0.27928     -7.381538
   0.27928     -7.381538
   0.18619     -7.356229
   0.09309     -7.360720
   0.00000     -7.333837
 
 
# Band-Index   69
   0.00000     -7.333170
   0.09309     -7.337246
   0.18619     -7.241079
   0.27928     -7.315488
   0.27928     -7.315488
   0.35990     -7.288790
   0.44052     -7.264780
   0.44052     -7.264780
   0.52114     -7.185689
   0.60176     -7.234289
   0.68239     -7.347869
   0.76301     -7.333170
 
 
# Band-Index   70
   0.76301     -7.313429
   0.68239     -7.241226
   0.60176     -7.142245
   0.52114     -7.129681
   0.44052     -7.257394
   0.44052     -7.257394
   0.35990     -7.042919
   0.27928     -7.011379
   0.27928     -7.011379
   0.18619     -7.077006
   0.09309     -7.190421
   0.00000     -7.313429
 
 
# Band-Index   71
   0.00000     -7.313037
   0.09309     -7.050008
   0.18619     -6.959932
   0.27928     -6.940131
   0.27928     -6.940131
   0.35990     -7.014582
   0.44052     -7.118569
   0.44052     -7.118569
   0.52114     -7.020463
   0.60176     -6.876717
   0.68239     -7.074854
   0.76301     -7.313037
 
 
# Band-Index   72
   0.76301     -6.984314
   0.68239     -6.877174
   0.60176     -6.750100
   0.52114     -6.974585
   0.44052     -6.865192
   0.44052     -6.865192
   0.35990     -6.873461
   0.27928     -6.840412
   0.27928     -6.840412
   0.18619     -6.754930
   0.09309     -6.841691
   0.00000     -6.984314
 
 
# Band-Index   73
   0.00000     -6.416780
   0.09309     -6.655274
   0.18619     -6.699897
   0.27928     -6.781747
   0.27928     -6.781747
   0.35990     -6.862689
   0.44052     -6.862618
   0.44052     -6.862618
   0.52114     -6.739192
   0.60176     -6.707912
   0.68239     -6.599224
   0.76301     -6.416780
 
 
# Band-Index   74
   0.76301     -6.415605
   0.68239     -6.529243
   0.60176     -6.620595
   0.52114     -6.701073
   0.44052     -6.830807
   0.44052     -6.830807
   0.35990     -6.670297
   0.27928     -6.520859
   0.27928     -6.520859
   0.18619     -6.620188
   0.09309     -6.545537
   0.00000     -6.415605
 
 
# Band-Index   75
   0.00000     -6.253312
   0.09309     -6.284496
   0.18619     -6.490425
   0.27928     -6.452480
   0.27928     -6.452480
   0.35990     -6.595797
   0.44052     -6.829994
   0.44052     -6.829994
   0.52114     -6.607720
   0.60176     -6.522824
   0.68239     -6.268522
   0.76301     -6.253312
 
 
# Band-Index   76
   0.76301     -6.252608
   0.68239     -6.249725
   0.60176     -6.474906
   0.52114     -6.448539
   0.44052     -6.468756
   0.44052     -6.468756
   0.35990     -6.484306
   0.27928     -6.425606
   0.27928     -6.425606
   0.18619     -6.471310
   0.09309     -6.261998
   0.00000     -6.252608
 
 
# Band-Index   77
   0.00000     -5.985176
   0.09309     -6.206772
   0.18619     -6.327900
   0.27928     -6.423401
   0.27928     -6.423401
   0.35990     -6.295815
   0.44052     -6.171187
   0.44052     -6.171187
   0.52114     -6.306730
   0.60176     -6.318164
   0.68239     -6.173558
   0.76301     -5.985176
 
 
# Band-Index   78
   0.76301     -5.984208
   0.68239     -6.128942
   0.60176     -6.261715
   0.52114     -6.305647
   0.44052     -6.170161
   0.44052     -6.170161
   0.35990     -6.267671
   0.27928     -6.369717
   0.27928     -6.369717
   0.18619     -6.311296
   0.09309     -6.182347
   0.00000     -5.984208
 
 
# Band-Index   79
   0.00000     -5.911406
   0.09309     -6.001950
   0.18619     -6.205680
   0.27928     -6.346417
   0.27928     -6.346417
   0.35990     -6.187340
   0.44052     -6.055641
   0.44052     -6.055641
   0.52114     -6.269039
   0.60176     -6.167857
   0.68239     -6.038275
   0.76301     -5.911406
 
 
# Band-Index   80
   0.76301     -5.911054
   0.68239     -5.840400
   0.60176     -6.021162
   0.52114     -6.058144
   0.44052     -6.050224
   0.44052     -6.050224
   0.35990     -6.092772
   0.27928     -6.117574
   0.27928     -6.117574
   0.18619     -6.018454
   0.09309     -5.874160
   0.00000     -5.911054
 
 
# Band-Index   81
   0.00000     -5.873484
   0.09309     -5.808961
   0.18619     -5.964619
   0.27928     -5.945269
   0.27928     -5.945269
   0.35990     -6.014728
   0.44052     -6.007746
   0.44052     -6.007746
   0.52114     -5.926017
   0.60176     -5.763063
   0.68239     -5.773515
   0.76301     -5.873484
 
 
# Band-Index   82
   0.76301     -5.699591
   0.68239     -5.680031
   0.60176     -5.652755
   0.52114     -5.631008
   0.44052     -5.824643
   0.44052     -5.824643
   0.35990     -5.795255
   0.27928     -5.775373
   0.27928     -5.775373
   0.18619     -5.754911
   0.09309     -5.598797
   0.00000     -5.699591
 
 
# Band-Index   83
   0.00000     -5.637885
   0.09309     -5.595236
   0.18619     -5.476278
   0.27928     -5.740887
   0.27928     -5.740887
   0.35990     -5.658120
   0.44052     -5.822693
   0.44052     -5.822693
   0.52114     -5.597168
   0.60176     -5.588125
   0.68239     -5.517246
   0.76301     -5.637885
 
 
# Band-Index   84
   0.76301     -5.463940
   0.68239     -5.515990
   0.60176     -5.434613
   0.52114     -5.570257
   0.44052     -5.504477
   0.44052     -5.504477
   0.35990     -5.444472
   0.27928     -5.462093
   0.27928     -5.462093
   0.18619     -5.408439
   0.09309     -5.532604
   0.00000     -5.463940
 
 
# Band-Index   85
   0.00000     -5.433318
   0.09309     -5.449747
   0.18619     -5.400621
   0.27928     -5.333449
   0.27928     -5.333449
   0.35990     -5.400880
   0.44052     -5.503863
   0.44052     -5.503863
   0.52114     -5.472764
   0.60176     -5.431826
   0.68239     -5.479808
   0.76301     -5.433318
 
 
# Band-Index   86
   0.76301     -5.433122
   0.68239     -5.355972
   0.60176     -5.240639
   0.52114     -5.401405
   0.44052     -5.386846
   0.44052     -5.386846
   0.35990     -5.399943
   0.27928     -5.281584
   0.27928     -5.281584
   0.18619     -5.317452
   0.09309     -5.349152
   0.00000     -5.433122
 
 
# Band-Index   87
   0.00000     -5.220385
   0.09309     -5.278449
   0.18619     -5.165532
   0.27928     -5.073646
   0.27928     -5.073646
   0.35990     -5.169710
   0.44052     -5.304169
   0.44052     -5.304169
   0.52114     -5.186096
   0.60176     -5.194002
   0.68239     -5.315871
   0.76301     -5.220385
 
 
# Band-Index   88
   0.76301     -5.144792
   0.68239     -5.231199
   0.60176     -5.177521
   0.52114     -5.091751
   0.44052     -5.018184
   0.44052     -5.018184
   0.35990     -5.159292
   0.27928     -5.061764
   0.27928     -5.061764
   0.18619     -5.129651
   0.09309     -5.163408
   0.00000     -5.144792
 
 
# Band-Index   89
   0.00000     -5.061412
   0.09309     -5.086331
   0.18619     -5.023899
   0.27928     -4.902212
   0.27928     -4.902212
   0.35990     -4.981412
   0.44052     -4.837533
   0.44052     -4.837533
   0.52114     -5.004176
   0.60176     -5.169300
   0.68239     -5.100851
   0.76301     -5.061412
 
 
# Band-Index   90
   0.76301     -5.060349
   0.68239     -4.928933
   0.60176     -4.987444
   0.52114     -4.962735
   0.44052     -4.837440
   0.44052     -4.837440
   0.35990     -4.840949
   0.27928     -4.829991
   0.27928     -4.829991
   0.18619     -4.932108
   0.09309     -5.032084
   0.00000     -5.060349
 
 
# Band-Index   91
   0.00000     -4.923636
   0.09309     -4.771545
   0.18619     -4.871169
   0.27928     -4.815398
   0.27928     -4.815398
   0.35990     -4.740857
   0.44052     -4.816689
   0.44052     -4.816689
   0.52114     -4.875389
   0.60176     -4.915269
   0.68239     -4.758399
   0.76301     -4.923636
 
 
# Band-Index   92
   0.76301     -4.922888
   0.68239     -4.706633
   0.60176     -4.613169
   0.52114     -4.608734
   0.44052     -4.760183
   0.44052     -4.760183
   0.35990     -4.731646
   0.27928     -4.728539
   0.27928     -4.728539
   0.18619     -4.779408
   0.09309     -4.643600
   0.00000     -4.922888
 
 
# Band-Index   93
   0.00000     -4.386003
   0.09309     -4.562900
   0.18619     -4.495119
   0.27928     -4.699880
   0.27928     -4.699880
   0.35990     -4.652676
   0.44052     -4.759550
   0.44052     -4.759550
   0.52114     -4.593861
   0.60176     -4.442683
   0.68239     -4.569469
   0.76301     -4.386003
 
 
# Band-Index   94
   0.76301     -4.385696
   0.68239     -4.511878
   0.60176     -4.424146
   0.52114     -4.292365
   0.44052     -3.967235
   0.44052     -3.967235
   0.35990     -4.426550
   0.27928     -4.607416
   0.27928     -4.607416
   0.18619     -4.462277
   0.09309     -4.469060
   0.00000     -4.385696
 
 
# Band-Index   95
   0.00000     -4.289522
   0.09309     -4.343123
   0.18619     -4.461171
   0.27928     -4.555125
   0.27928     -4.555125
   0.35990     -4.217289
   0.44052     -3.960992
   0.44052     -3.960992
   0.52114     -4.137543
   0.60176     -4.399261
   0.68239     -4.329203
   0.76301     -4.289522
 
 
# Band-Index   96
   0.76301     -4.288350
   0.68239     -4.322363
   0.60176     -4.120418
   0.52114     -3.948021
   0.44052     -3.957629
   0.44052     -3.957629
   0.35990     -3.814054
   0.27928     -3.768808
   0.27928     -3.768808
   0.18619     -4.067292
   0.09309     -4.332442
   0.00000     -4.288350
 
 
# Band-Index   97
   0.00000     -4.055493
   0.09309     -4.194941
   0.18619     -4.009046
   0.27928     -3.666667
   0.27928     -3.666667
   0.35990     -3.735917
   0.44052     -3.760239
   0.44052     -3.760239
   0.52114     -3.875368
   0.60176     -4.051343
   0.68239     -4.070221
   0.76301     -4.055493
 
 
# Band-Index   98
   0.76301     -3.947458
   0.68239     -3.963430
   0.60176     -3.882704
   0.52114     -3.710112
   0.44052     -3.707522
   0.44052     -3.707522
   0.35990     -3.511288
   0.27928     -3.417253
   0.27928     -3.417253
   0.18619     -3.453684
   0.09309     -3.760095
   0.00000     -3.947458
 
 
# Band-Index   99
   0.00000     -3.946508
   0.09309     -3.729186
   0.18619     -3.433275
   0.27928     -3.279746
   0.27928     -3.279746
   0.35990     -3.475181
   0.44052     -3.701828
   0.44052     -3.701828
   0.52114     -3.350087
   0.60176     -3.271026
   0.68239     -3.661696
   0.76301     -3.946508
 
 
# Band-Index  100
   0.76301     -3.832411
   0.68239     -3.539221
   0.60176     -3.181915
   0.52114     -2.879695
   0.44052     -2.776686
   0.44052     -2.776686
   0.35990     -2.883633
   0.27928     -2.914383
   0.27928     -2.914383
   0.18619     -3.047307
   0.09309     -3.458553
   0.00000     -3.832411
 
 
# Band-Index  101
   0.00000     -2.093234
   0.09309     -2.206027
   0.18619     -2.623102
   0.27928     -2.823028
   0.27928     -2.823028
   0.35990     -2.822008
   0.44052     -2.705988
   0.44052     -2.705988
   0.52114     -2.770418
   0.60176     -2.550163
   0.68239     -2.171839
   0.76301     -2.093234
 
 
# Band-Index  102
   0.76301     -1.993794
   0.68239     -2.160873
   0.60176     -2.397115
   0.52114     -2.543030
   0.44052     -2.705434
   0.44052     -2.705434
   0.35990     -2.609366
   0.27928     -2.788651
   0.27928     -2.788651
   0.18619     -2.514301
   0.09309     -2.171713
   0.00000     -1.993794
 
 
# Band-Index  103
   0.00000     -1.993479
   0.09309     -2.155507
   0.18619     -2.413534
   0.27928     -2.581331
   0.27928     -2.581331
   0.35990     -2.463695
   0.44052     -2.381707
   0.44052     -2.381707
   0.52114     -2.389819
   0.60176     -2.248086
   0.68239     -2.080254
   0.76301     -1.993479
 
 
# Band-Index  104
   0.76301     -1.973921
   0.68239     -2.047409
   0.60176     -2.213869
   0.52114     -2.350042
   0.44052     -2.239307
   0.44052     -2.239307
   0.35990     -2.301425
   0.27928     -2.307077
   0.27928     -2.307077
   0.18619     -2.263540
   0.09309     -2.068787
   0.00000     -1.973921
 
 
# Band-Index  105
   0.00000     -1.973595
   0.09309     -2.001004
   0.18619     -2.018944
   0.27928     -2.024709
   0.27928     -2.024709
   0.35990     -2.159522
   0.44052     -2.232881
   0.44052     -2.232881
   0.52114     -2.144266
   0.60176     -2.073490
   0.68239     -2.011171
   0.76301     -1.973595
 
 
# Band-Index  106
   0.76301     -0.945938
   0.68239     -1.148977
   0.60176     -1.320603
   0.52114     -1.534916
   0.44052     -1.693984
   0.44052     -1.693984
   0.35990     -1.495846
   0.27928     -1.249453
   0.27928     -1.249453
   0.18619     -1.241873
   0.09309     -1.163391
   0.00000     -0.945938
 
 
# Band-Index  107
   0.00000     -0.807279
   0.09309     -0.818407
   0.18619     -0.936708
   0.27928     -1.052481
   0.27928     -1.052481
   0.35990     -0.822590
   0.44052     -0.569609
   0.44052     -0.569609
   0.52114     -0.723149
   0.60176     -0.782243
   0.68239     -0.808814
   0.76301     -0.807279
 
 
# Band-Index  108
   0.76301     -0.806214
   0.68239     -0.537657
   0.60176     -0.365378
   0.52114     -0.406832
   0.44052     -0.568576
   0.44052     -0.568576
   0.35990     -0.325951
   0.27928     -0.169562
   0.27928     -0.169562
   0.18619     -0.238226
   0.09309     -0.484642
   0.00000     -0.806214
 
 
# Band-Index  109
   0.00000      0.525922
   0.09309      0.462757
   0.18619      0.379927
   0.27928      0.370231
   0.27928      0.370231
   0.35990      0.469502
   0.44052      0.631925
   0.44052      0.631925
   0.52114      0.528084
   0.60176      0.500762
   0.68239      0.515246
   0.76301      0.525922
 
 
# Band-Index  110
   0.76301      0.527111
   0.68239      0.534800
   0.60176      0.571782
   0.52114      0.681786
   0.44052      0.635450
   0.44052      0.635450
   0.35990      0.773468
   0.27928      0.916146
   0.27928      0.916146
   0.18619      0.791291
   0.09309      0.599035
   0.00000      0.527111
 
 
# Band-Index  111
   0.00000      0.608839
   0.09309      0.695117
   0.18619      0.865424
   0.27928      0.931848
   0.27928      0.931848
   0.35990      1.174378
   0.44052      1.322588
   0.44052      1.322588
   0.52114      1.197780
   0.60176      0.940348
   0.68239      0.693759
   0.76301      0.608839
 
 
# Band-Index  112
   0.76301      1.863081
   0.68239      1.871261
   0.60176      1.906221
   0.52114      2.004660
   0.44052      2.125090
   0.44052      2.125090
   0.35990      2.103270
   0.27928      2.110291
   0.27928      2.110291
   0.18619      1.951688
   0.09309      1.874330
   0.00000      1.863081
 
 
# Band-Index  113
   0.00000      1.864194
   0.09309      1.993477
   0.18619      2.310913
   0.27928      2.163420
   0.27928      2.163420
   0.35990      2.142861
   0.44052      2.209896
   0.44052      2.209896
   0.52114      2.193885
   0.60176      2.222857
   0.68239      1.963834
   0.76301      1.864194
 
 
# Band-Index  114
   0.76301      2.454697
   0.68239      2.460558
   0.60176      2.340296
   0.52114      2.433220
   0.44052      2.211878
   0.44052      2.211878
   0.35990      2.435379
   0.27928      2.536153
   0.27928      2.536153
   0.18619      2.342047
   0.09309      2.461296
   0.00000      2.454697
 
 
# Band-Index  115
   0.00000      2.640378
   0.09309      2.656285
   0.18619      2.669821
   0.27928      2.688698
   0.27928      2.688698
   0.35990      2.785514
   0.44052      2.999779
   0.44052      2.999779
   0.52114      2.774750
   0.60176      2.798684
   0.68239      2.689330
   0.76301      2.640378
 
 
# Band-Index  116
   0.76301      2.641799
   0.68239      2.701472
   0.60176      2.920086
   0.52114      3.118820
   0.44052      3.011823
   0.44052      3.011823
   0.35990      3.098138
   0.27928      3.069315
   0.27928      3.069315
   0.18619      3.158904
   0.09309      2.769187
   0.00000      2.641799
 
 
# Band-Index  117
   0.00000      3.699454
   0.09309      3.731949
   0.18619      3.349969
   0.27928      3.540758
   0.27928      3.540758
   0.35990      3.472514
   0.44052      3.429101
   0.44052      3.429101
   0.52114      3.393300
   0.60176      3.508212
   0.68239      3.723831
   0.76301      3.699454
 
 
# Band-Index  118
   0.76301      4.303427
   0.68239      3.923908
   0.60176      3.796934
   0.52114      3.827901
   0.44052      3.836325
   0.44052      3.836325
   0.35990      3.811484
   0.27928      3.765294
   0.27928      3.765294
   0.18619      3.829406
   0.09309      3.852477
   0.00000      4.303427
 
 
# Band-Index  119
   0.00000      4.304616
   0.09309      4.260245
   0.18619      4.045202
   0.27928      3.843572
   0.27928      3.843572
   0.35990      3.836032
   0.44052      3.839583
   0.44052      3.839583
   0.52114      3.918735
   0.60176      4.113347
   0.68239      4.269420
   0.76301      4.304616
 
 
# Band-Index  120
   0.76301      4.560094
   0.68239      4.508438
   0.60176      4.209835
   0.52114      4.014072
   0.44052      4.040842
   0.44052      4.040842
   0.35990      4.013574
   0.27928      3.989159
   0.27928      3.989159
   0.18619      4.103886
   0.09309      4.458677
   0.00000      4.560094
 
 
# Band-Index  121
   0.00000      4.704458
   0.09309      4.511030
   0.18619      4.219052
   0.27928      3.994443
   0.27928      3.994443
   0.35990      4.018744
   0.44052      4.086674
   0.44052      4.086674
   0.52114      4.106297
   0.60176      4.318426
   0.68239      4.591173
   0.76301      4.704458
 
 
# Band-Index  122
   0.76301      4.705328
   0.68239      4.599432
   0.60176      4.380180
   0.52114      4.209534
   0.44052      4.088261
   0.44052      4.088261
   0.35990      4.129246
   0.27928      4.193448
   0.27928      4.193448
   0.18619      4.263686
   0.09309      4.555648
   0.00000      4.705328
 
 
# Band-Index  123
   0.00000      4.851894
   0.09309      4.702677
   0.18619      4.605701
   0.27928      4.573356
   0.27928      4.573356
   0.35990      4.308222
   0.44052      4.092663
   0.44052      4.092663
   0.52114      4.212285
   0.60176      4.382345
   0.68239      4.600843
   0.76301      4.851894
 
 
# Band-Index  124
   0.76301      4.859272
   0.68239      4.881525
   0.60176      4.954063
   0.52114      5.074882
   0.44052      5.216408
   0.44052      5.216408
   0.35990      4.891739
   0.27928      4.578335
   0.27928      4.578335
   0.18619      4.610849
   0.09309      4.708270
   0.00000      4.859272
 
 
# Band-Index  125
   0.00000      4.860868
   0.09309      4.934937
   0.18619      5.144220
   0.27928      5.150571
   0.27928      5.150571
   0.35990      5.164964
   0.44052      5.218403
   0.44052      5.218403
   0.52114      5.097658
   0.60176      4.975934
   0.68239      4.885079
   0.76301      4.860868
 
 
# Band-Index  126
   0.76301      4.871111
   0.68239      4.902866
   0.60176      5.141051
   0.52114      5.195255
   0.44052      5.233286
   0.44052      5.233286
   0.35990      5.365534
   0.27928      5.565179
   0.27928      5.565179
   0.18619      5.381773
   0.09309      5.091307
   0.00000      4.871111
 
 
# Band-Index  127
   0.00000      4.881412
   0.09309      5.098658
   0.18619      5.390044
   0.27928      5.576192
   0.27928      5.576192
   0.35990      5.463241
   0.44052      5.267826
   0.44052      5.267826
   0.52114      5.292588
   0.60176      5.347365
   0.68239      5.183832
   0.76301      4.881412
 
 
# Band-Index  128
   0.76301      4.883004
   0.68239      5.184236
   0.60176      5.394187
   0.52114      5.513894
   0.44052      5.267951
   0.44052      5.267951
   0.35990      5.486405
   0.27928      5.584338
   0.27928      5.584338
   0.18619      5.419025
   0.09309      5.289127
   0.00000      4.883004
 
 
# Band-Index  129
   0.00000      5.288173
   0.09309      5.320894
   0.18619      5.471520
   0.27928      5.729115
   0.27928      5.729115
   0.35990      5.601994
   0.44052      5.666173
   0.44052      5.666173
   0.52114      5.668766
   0.60176      5.546875
   0.68239      5.312445
   0.76301      5.288173
 
 
# Band-Index  130
   0.76301      5.344216
   0.68239      5.364266
   0.60176      5.548395
   0.52114      5.731265
   0.44052      5.687941
   0.44052      5.687941
   0.35990      5.616538
   0.27928      5.729703
   0.27928      5.729703
   0.18619      5.706224
   0.09309      5.371023
   0.00000      5.344216
 
 
# Band-Index  131
   0.00000      5.646711
   0.09309      5.666473
   0.18619      5.773429
   0.27928      5.740416
   0.27928      5.740416
   0.35990      5.752080
   0.44052      5.688358
   0.44052      5.688358
   0.52114      5.806088
   0.60176      5.699822
   0.68239      5.662233
   0.76301      5.646711
 
 
# Band-Index  132
   0.76301      6.025215
   0.68239      5.990910
   0.60176      5.967085
   0.52114      5.821822
   0.44052      5.776774
   0.44052      5.776774
   0.35990      5.907065
   0.27928      5.743584
   0.27928      5.743584
   0.18619      5.813466
   0.09309      5.977717
   0.00000      6.025215
 
 
# Band-Index  133
   0.00000      6.025892
   0.09309      6.100485
   0.18619      5.954193
   0.27928      5.762999
   0.27928      5.762999
   0.35990      6.043536
   0.44052      6.394401
   0.44052      6.394404
   0.52114      5.957266
   0.60176      5.980650
   0.68239      6.143317
   0.76301      6.025892
 
 
# Band-Index  134
   0.76301      6.204766
   0.68239      6.170060
   0.60176      6.049166
   0.52114      5.960093
   0.44052      6.395673
   0.44052      6.395673
   0.35990      6.067395
   0.27928      5.945274
   0.27928      5.945274
   0.18619      6.154607
   0.09309      6.179657
   0.00000      6.204766
 
 
# Band-Index  135
   0.00000      6.453146
   0.09309      6.260775
   0.18619      6.166574
   0.27928      6.164572
   0.27928      6.164572
   0.35990      6.199963
   0.44052      6.396549
   0.44052      6.396571
   0.52114      6.259813
   0.60176      6.128293
   0.68239      6.194662
   0.76301      6.453227
 
 
# Band-Index  136
   0.76301      6.457441
   0.68239      6.336155
   0.60176      6.336795
   0.52114      6.477392
   0.44052      6.423740
   0.44052      6.423739
   0.35990      6.324953
   0.27928      6.172550
   0.27928      6.172550
   0.18619      6.192860
   0.09309      6.299101
   0.00000      6.457531
