      #Energy        TDOS
     -20.57707       0.00000
     -20.54707       0.00000
     -20.51707       0.00000
     -20.48607       0.00000
     -20.45607       0.00000
     -20.42607       0.00000
     -20.39607       0.00000
     -20.36607       0.00000
     -20.33607       0.00000
     -20.30507       0.00000
     -20.27507       0.00000
     -20.24507       0.00000
     -20.21507       0.00000
     -20.18507       0.00000
     -20.15507       0.00000
     -20.12407       0.00000
     -20.09407       0.00000
     -20.06407       0.00000
     -20.03407       0.00000
     -20.00407       0.00000
     -19.97407       0.00000
     -19.94307       0.00000
     -19.91307       0.00000
     -19.88307       0.00000
     -19.85307       0.00000
     -19.82307       0.00000
     -19.79307       0.00000
     -19.76207       0.00000
     -19.73207       0.00000
     -19.70207       0.00000
     -19.67207       0.00000
     -19.64207       0.00000
     -19.61207       0.00000
     -19.58107       0.00000
     -19.55107       0.00000
     -19.52107       0.00000
     -19.49107       0.00000
     -19.46107       0.00000
     -19.43107       0.00000
     -19.40007       0.00000
     -19.37007       0.00002
     -19.34007       0.00075
     -19.31007       0.01732
     -19.28007       0.20500
     -19.24907       1.25800
     -19.21907       4.11600
     -19.18907       7.55900
     -19.15907       8.71900
     -19.12907       8.21600
     -19.09907       9.46900
     -19.06807      13.58000
     -19.03807      17.36000
     -19.00807      16.40000
     -18.97807      11.98000
     -18.94807       9.72800
     -18.91807      10.10000
     -18.88707      10.33000
     -18.85707      10.48000
     -18.82707      11.70000
     -18.79707      12.62000
     -18.76707      10.80000
     -18.73707       7.85800
     -18.70607       7.62400
     -18.67607      10.03000
     -18.64607      12.37000
     -18.61607      13.71000
     -18.58607      13.39000
     -18.55607      11.82000
     -18.52507      12.64000
     -18.49507      16.50000
     -18.46507      19.19000
     -18.43507      17.96000
     -18.40507      14.53000
     -18.37507      11.83000
     -18.34407      10.88000
     -18.31407      10.95000
     -18.28407      10.91000
     -18.25407      10.69000
     -18.22407      11.83000
     -18.19307      14.76000
     -18.16307      17.15000
     -18.13307      16.13000
     -18.10307      10.82000
     -18.07307       4.55300
     -18.04307       1.09800
     -18.01207       0.16060
     -17.98207       0.20910
     -17.95207       1.26400
     -17.92207       4.50300
     -17.89207       9.60400
     -17.86207      13.56000
     -17.83107      14.50000
     -17.80107      13.58000
     -17.77107      12.05000
     -17.74107       9.77300
     -17.71107       7.51200
     -17.68107       6.46100
     -17.65007       6.51400
     -17.62007       8.33900
     -17.59007      13.26000
     -17.56007      19.13000
     -17.53007      21.48000
     -17.50007      19.19000
     -17.46907      14.93000
     -17.43907      12.30000
     -17.40907      12.03000
     -17.37907      12.52000
     -17.34907      13.32000
     -17.31907      14.52000
     -17.28807      14.98000
     -17.25807      14.44000
     -17.22807      13.72000
     -17.19807      12.16000
     -17.16807       9.47100
     -17.13807       7.27000
     -17.10707       6.37200
     -17.07707       6.30600
     -17.04707       6.74400
     -17.01707       7.29600
     -16.98707       7.05900
     -16.95607       6.02700
     -16.92607       5.55400
     -16.89607       6.47500
     -16.86607       8.23800
     -16.83607       9.40100
     -16.80607       9.40200
     -16.77507       9.13600
     -16.74507       9.10700
     -16.71507       8.88500
     -16.68507       8.61800
     -16.65507       9.74600
     -16.62507      12.44000
     -16.59407      13.79000
     -16.56407      12.42000
     -16.53407      11.88000
     -16.50407      14.12000
     -16.47407      15.62000
     -16.44407      14.55000
     -16.41307      13.22000
     -16.38307      12.44000
     -16.35307      11.10000
     -16.32307       9.55500
     -16.29307       9.40000
     -16.26307      10.76000
     -16.23207      12.19000
     -16.20207      13.45000
     -16.17207      15.57000
     -16.14207      17.47000
     -16.11207      16.96000
     -16.08207      14.74000
     -16.05107      12.56000
     -16.02107      10.84000
     -15.99107       9.81300
     -15.96107       9.36900
     -15.93107       9.33100
     -15.90007      10.02000
     -15.87007      12.01000
     -15.84007      14.98000
     -15.81007      16.75000
     -15.78007      14.91000
     -15.75007      10.89000
     -15.71907       8.12600
     -15.68907       6.97900
     -15.65907       6.39600
     -15.62907       6.31200
     -15.59907       6.64900
     -15.56907       7.10700
     -15.53807       8.07200
     -15.50807       9.71200
     -15.47807      11.37000
     -15.44807      13.55000
     -15.41807      17.39000
     -15.38807      20.49000
     -15.35707      18.58000
     -15.32707      13.13000
     -15.29707       9.88400
     -15.26707      10.59000
     -15.23707      12.60000
     -15.20707      13.63000
     -15.17607      14.77000
     -15.14607      16.52000
     -15.11607      16.00000
     -15.08607      13.44000
     -15.05607      12.58000
     -15.02607      12.73000
     -14.99507      11.28000
     -14.96507      10.58000
     -14.93507      12.92000
     -14.90507      15.36000
     -14.87507      15.50000
     -14.84507      14.89000
     -14.81407      15.57000
     -14.78407      17.72000
     -14.75407      18.87000
     -14.72407      17.60000
     -14.69407      15.41000
     -14.66307      12.67000
     -14.63307       9.10400
     -14.60307       6.76900
     -14.57307       6.64700
     -14.54307       6.84100
     -14.51307       6.78200
     -14.48207       7.79700
     -14.45207       9.64500
     -14.42207      10.40000
     -14.39207       9.62200
     -14.36207       9.17700
     -14.33207       9.65500
     -14.30107       9.68600
     -14.27107       8.59500
     -14.24107       6.88600
     -14.21107       4.90300
     -14.18107       3.10400
     -14.15107       2.13300
     -14.12007       1.88500
     -14.09007       2.07800
     -14.06007       3.23400
     -14.03007       6.35500
     -14.00007      10.41000
     -13.97007      12.55000
     -13.93907      13.33000
     -13.90907      14.65000
     -13.87907      15.41000
     -13.84907      15.03000
     -13.81907      14.87000
     -13.78907      16.06000
     -13.75807      18.00000
     -13.72807      19.57000
     -13.69807      19.14000
     -13.66807      16.52000
     -13.63807      15.36000
     -13.60807      17.45000
     -13.57707      19.78000
     -13.54707      20.52000
     -13.51707      20.42000
     -13.48707      18.88000
     -13.45707      15.19000
     -13.42607      11.34000
     -13.39607       8.87200
     -13.36607       7.77200
     -13.33607       8.28400
     -13.30607       9.45500
     -13.27607       9.46700
     -13.24507       8.76500
     -13.21507       9.10100
     -13.18507      11.01000
     -13.15507      12.88000
     -13.12507      12.38000
     -13.09507       9.78100
     -13.06407       7.28300
     -13.03407       6.45700
     -13.00407       7.88400
     -12.97407      11.16000
     -12.94407      13.48000
     -12.91407      12.37000
     -12.88307       9.52400
     -12.85307       7.58000
     -12.82307       7.62600
     -12.79307       8.80400
     -12.76307       9.27900
     -12.73307       9.07700
     -12.70207       9.39100
     -12.67207      10.46000
     -12.64207      11.48000
     -12.61207      11.89000
     -12.58207      11.79000
     -12.55207      11.52000
     -12.52107      10.97000
     -12.49107       9.78900
     -12.46107       8.37600
     -12.43107       7.47400
     -12.40107       7.38300
     -12.37007       7.69200
     -12.34007       7.83400
     -12.31007       7.74000
     -12.28007       7.91600
     -12.25007       9.13900
     -12.22007      11.61000
     -12.18907      13.91000
     -12.15907      14.04000
     -12.12907      11.92000
     -12.09907       9.69800
     -12.06907       9.30000
     -12.03907      10.59000
     -12.00807      12.77000
     -11.97807      16.82000
     -11.94807      20.88000
     -11.91807      18.37000
     -11.88807      10.82000
     -11.85807       6.76000
     -11.82707       7.75500
     -11.79707      11.23000
     -11.76707      16.04000
     -11.73707      20.39000
     -11.70707      20.92000
     -11.67707      17.21000
     -11.64607      12.49000
     -11.61607       9.42100
     -11.58607       8.38300
     -11.55607       8.62000
     -11.52607       9.25100
     -11.49607       9.82600
     -11.46507      10.41000
     -11.43507      11.03000
     -11.40507      11.78000
     -11.37507      13.42000
     -11.34507      15.19000
     -11.31507      15.04000
     -11.28407      14.19000
     -11.25407      14.68000
     -11.22407      16.04000
     -11.19407      17.01000
     -11.16407      17.89000
     -11.13307      18.61000
     -11.10307      17.30000
     -11.07307      14.40000
     -11.04307      12.34000
     -11.01307      11.58000
     -10.98307      10.93000
     -10.95207      10.10000
     -10.92207       9.76300
     -10.89207       9.35400
     -10.86207       8.81100
     -10.83207       9.89100
     -10.80207      12.39000
     -10.77107      13.38000
     -10.74107      11.93000
     -10.71107      10.38000
     -10.68107      10.44000
     -10.65107      11.28000
     -10.62107      11.28000
     -10.59007       9.90200
     -10.56007       8.13800
     -10.53007       7.58600
     -10.50007       9.05100
     -10.47007      12.18000
     -10.44007      14.98000
     -10.40907      14.41000
     -10.37907      10.85000
     -10.34907       7.86800
     -10.31907       7.05900
     -10.28907       7.65000
     -10.25907       8.66600
     -10.22807      10.17000
     -10.19807      11.75000
     -10.16807      12.55000
     -10.13807      12.93000
     -10.10807      13.58000
     -10.07807      14.42000
     -10.04707      14.77000
     -10.01707      14.63000
      -9.98707      14.52000
      -9.95707      13.46000
      -9.92707      10.89000
      -9.89607       9.07600
      -9.86607       9.47200
      -9.83607      11.09000
      -9.80607      12.16000
      -9.77607      11.68000
      -9.74607      10.49000
      -9.71507       9.62700
      -9.68507       9.38300
      -9.65507      10.48000
      -9.62507      12.66000
      -9.59507      13.94000
      -9.56507      14.19000
      -9.53407      14.55000
      -9.50407      15.05000
      -9.47407      15.58000
      -9.44407      16.55000
      -9.41407      17.78000
      -9.38407      17.87000
      -9.35307      15.30000
      -9.32307      12.19000
      -9.29307      13.67000
      -9.26307      19.11000
      -9.23307      21.02000
      -9.20307      16.98000
      -9.17207      12.28000
      -9.14207       9.42000
      -9.11207       7.96000
      -9.08207       7.66300
      -9.05207       8.46800
      -9.02207      10.64000
      -8.99107      13.26000
      -8.96107      14.80000
      -8.93107      15.19000
      -8.90107      15.07000
      -8.87107      15.34000
      -8.84007      16.03000
      -8.81007      15.33000
      -8.78007      13.02000
      -8.75007      10.95000
      -8.72007      10.08000
      -8.69007      10.58000
      -8.65907      13.34000
      -8.62907      17.56000
      -8.59907      18.71000
      -8.56907      14.62000
      -8.53907       9.25100
      -8.50907       6.51800
      -8.47807       6.79900
      -8.44807       8.60900
      -8.41807      10.43000
      -8.38807      11.92000
      -8.35807      14.14000
      -8.32807      17.51000
      -8.29707      20.01000
      -8.26707      20.08000
      -8.23707      18.04000
      -8.20707      15.09000
      -8.17707      13.36000
      -8.14707      14.04000
      -8.11607      16.24000
      -8.08607      17.62000
      -8.05607      16.64000
      -8.02607      14.82000
      -7.99607      13.79000
      -7.96607      13.24000
      -7.93507      13.06000
      -7.90507      14.20000
      -7.87507      16.87000
      -7.84507      19.31000
      -7.81507      20.13000
      -7.78507      19.21000
      -7.75407      17.15000
      -7.72407      15.20000
      -7.69407      14.35000
      -7.66407      14.34000
      -7.63407      14.06000
      -7.60307      13.11000
      -7.57307      11.98000
      -7.54307      11.84000
      -7.51307      12.91000
      -7.48307      14.16000
      -7.45307      14.54000
      -7.42207      13.73000
      -7.39207      13.28000
      -7.36207      14.16000
      -7.33207      15.99000
      -7.30207      18.80000
      -7.27207      22.62000
      -7.24107      26.56000
      -7.21107      28.21000
      -7.18107      27.06000
      -7.15107      25.87000
      -7.12107      26.93000
      -7.09107      30.27000
      -7.06007      33.00000
      -7.03007      31.65000
      -7.00007      28.99000
      -6.97007      32.04000
      -6.94007      38.83000
      -6.91007      39.84000
      -6.87907      33.83000
      -6.84907      27.59000
      -6.81907      25.18000
      -6.78907      26.89000
      -6.75907      31.37000
      -6.72907      33.54000
      -6.69807      30.39000
      -6.66807      26.44000
      -6.63807      25.81000
      -6.60807      27.28000
      -6.57807      27.80000
      -6.54707      26.50000
      -6.51707      26.47000
      -6.48707      31.16000
      -6.45707      38.15000
      -6.42707      41.74000
      -6.39707      42.00000
      -6.36607      41.51000
      -6.33607      38.80000
      -6.30607      32.87000
      -6.27607      26.02000
      -6.24607      20.57000
      -6.21607      17.48000
      -6.18507      18.02000
      -6.15507      21.53000
      -6.12507      24.84000
      -6.09507      26.82000
      -6.06507      27.17000
      -6.03507      24.38000
      -6.00407      20.94000
      -5.97407      20.05000
      -5.94407      18.75000
      -5.91407      15.96000
      -5.88407      17.47000
      -5.85407      24.08000
      -5.82307      30.73000
      -5.79307      36.36000
      -5.76307      38.69000
      -5.73307      35.85000
      -5.70307      34.26000
      -5.67307      38.31000
      -5.64207      42.00000
      -5.61207      40.72000
      -5.58207      36.89000
      -5.55207      34.78000
      -5.52207      33.44000
      -5.49207      28.81000
      -5.46107      23.51000
      -5.43107      21.96000
      -5.40107      23.59000
      -5.37107      24.46000
      -5.34107      23.82000
      -5.31007      24.60000
      -5.28007      27.19000
      -5.25007      28.07000
      -5.22007      27.08000
      -5.19007      27.80000
      -5.16007      31.44000
      -5.12907      33.96000
      -5.09907      30.16000
      -5.06907      23.24000
      -5.03907      20.48000
      -5.00907      23.46000
      -4.97907      28.97000
      -4.94807      32.48000
      -4.91807      32.07000
      -4.88807      28.47000
      -4.85807      22.44000
      -4.82807      17.47000
      -4.79807      17.45000
      -4.76707      21.91000
      -4.73707      28.12000
      -4.70707      33.55000
      -4.67707      38.06000
      -4.64707      42.35000
      -4.61707      42.17000
      -4.58607      34.62000
      -4.55607      25.17000
      -4.52607      21.26000
      -4.49607      23.25000
      -4.46607      24.49000
      -4.43607      22.34000
      -4.40507      20.65000
      -4.37507      20.94000
      -4.34507      22.57000
      -4.31507      24.40000
      -4.28507      24.21000
      -4.25507      22.68000
      -4.22407      21.93000
      -4.19407      21.71000
      -4.16407      21.14000
      -4.13407      20.37000
      -4.10407      20.87000
      -4.07307      23.05000
      -4.04307      24.33000
      -4.01307      25.33000
      -3.98307      29.44000
      -3.95307      32.67000
      -3.92307      30.25000
      -3.89207      26.34000
      -3.86207      26.79000
      -3.83207      30.79000
      -3.80207      33.26000
      -3.77207      31.06000
      -3.74207      25.80000
      -3.71107      20.87000
      -3.68107      18.17000
      -3.65107      18.21000
      -3.62107      20.64000
      -3.59107      24.44000
      -3.56107      27.05000
      -3.53007      27.19000
      -3.50007      27.73000
      -3.47007      29.17000
      -3.44007      27.15000
      -3.41007      20.54000
      -3.38007      13.71000
      -3.34907      11.27000
      -3.31907      13.21000
      -3.28907      16.21000
      -3.25907      18.76000
      -3.22907      20.86000
      -3.19907      21.84000
      -3.16807      22.45000
      -3.13807      23.78000
      -3.10807      24.36000
      -3.07807      22.43000
      -3.04807      19.87000
      -3.01707      18.47000
      -2.98707      17.19000
      -2.95707      14.69000
      -2.92707      11.60000
      -2.89707       9.66900
      -2.86707       9.15700
      -2.83607       9.60200
      -2.80607      11.39000
      -2.77607      15.26000
      -2.74607      19.34000
      -2.71607      19.70000
      -2.68607      16.91000
      -2.65507      14.66000
      -2.62507      12.57000
      -2.59507       9.69100
      -2.56507       8.86600
      -2.53507      10.57000
      -2.50507      11.27000
      -2.47407      10.43000
      -2.44407      10.92000
      -2.41407      14.43000
      -2.38407      20.39000
      -2.35407      24.77000
      -2.32407      22.65000
      -2.29307      16.44000
      -2.26307      11.93000
      -2.23307       9.86000
      -2.20307       7.90300
      -2.17307       5.50400
      -2.14307       3.96000
      -2.11207       3.54500
      -2.08207       3.61600
      -2.05207       3.82900
      -2.02207       4.20700
      -1.99207       5.13800
      -1.96207       7.12800
      -1.93107       9.33300
      -1.90107      10.12000
      -1.87107       9.94900
      -1.84107       9.26900
      -1.81107       7.95100
      -1.78007       6.96800
      -1.75007       6.07900
      -1.72007       4.86900
      -1.69007       5.15500
      -1.66007       9.49600
      -1.63007      17.12000
      -1.59907      22.46000
      -1.56907      23.78000
      -1.53907      24.00000
      -1.50907      22.00000
      -1.47907      18.03000
      -1.44907      16.40000
      -1.41807      18.31000
      -1.38807      21.44000
      -1.35807      23.53000
      -1.32807      23.16000
      -1.29807      20.42000
      -1.26807      15.79000
      -1.23707      10.92000
      -1.20707       7.04500
      -1.17707       4.25800
      -1.14707       2.73800
      -1.11707       2.10700
      -1.08707       1.83500
      -1.05607       1.69200
      -1.02607       1.61500
      -0.99607       1.58700
      -0.96607       1.64500
      -0.93607       1.98600
      -0.90607       2.99000
      -0.87507       4.42400
      -0.84507       5.06800
      -0.81507       4.65800
      -0.78507       4.26300
      -0.75507       4.19300
      -0.72507       3.55900
      -0.69407       2.02800
      -0.66407       0.67180
      -0.63407       0.12430
      -0.60407       0.07201
      -0.57407       0.50580
      -0.54307       2.26500
      -0.51307       5.81600
      -0.48307       9.46200
      -0.45307      11.00000
      -0.42307      10.17000
      -0.39307       8.58700
      -0.36207       8.17700
      -0.33207       9.44800
      -0.30207      11.34000
      -0.27207      13.33000
      -0.24207      15.58000
      -0.21207      14.65000
      -0.18107       8.69900
      -0.15107       2.90700
      -0.12107       0.52290
      -0.09107       0.04951
      -0.06107       0.00243
      -0.03107       0.00006
      -0.00007       0.00000
       0.02993       0.00000
       0.05993       0.00000
       0.08993       0.00000
       0.11993       0.00000
       0.14993       0.00000
       0.18093       0.00002
       0.21093       0.00114
       0.24093       0.02733
       0.27093       0.33290
       0.30093       2.08600
       0.33093       6.91700
       0.36193      12.97000
       0.39193      16.35000
       0.42193      18.08000
       0.45193      18.31000
       0.48193      15.04000
       0.51293      11.29000
       0.54293       9.87000
       0.57293       9.83400
       0.60293      10.02000
       0.63293       9.87200
       0.66293       8.68000
       0.69393       6.57500
       0.72393       4.23900
       0.75393       2.45600
       0.78393       1.64800
       0.81393       1.43100
       0.84393       1.37700
       0.87493       1.35300
       0.90493       1.33700
       0.93493       1.32800
       0.96493       1.32600
       0.99493       1.32900
       1.02493       1.33900
       1.05593       1.35700
       1.08593       1.38300
       1.11593       1.41900
       1.14593       1.47000
       1.17593       1.54000
       1.20593       1.64100
       1.23693       1.79500
       1.26693       2.06600
       1.29693       2.54500
       1.32693       3.05200
       1.35693       2.83700
       1.38693       1.67100
       1.41793       0.57040
       1.44793       0.27920
       1.47793       1.32100
       1.50793       5.40400
       1.53793      13.02000
       1.56793      19.09000
       1.59893      18.89000
       1.62893      17.24000
       1.65893      19.74000
       1.68893      24.30000
       1.71893      26.50000
       1.74993      23.37000
       1.77993      16.38000
       1.80993      10.15000
       1.83993       6.96900
       1.86993       6.17000
       1.89993       6.51800
       1.93093       7.15500
       1.96093       6.82600
       1.99093       5.26400
       2.02093       4.71300
       2.05093       6.58400
       2.08093       9.33000
       2.11193      11.28000
       2.14193      12.21000
       2.17193      13.00000
       2.20193      14.82000
       2.23193      17.54000
       2.26193      18.27000
       2.29293      13.83000
       2.32293       7.10100
       2.35293       3.04300
       2.38293       1.85300
       2.41293       1.67800
       2.44293       1.68100
       2.47393       1.76300
       2.50393       2.28300
       2.53393       4.39500
       2.56393       8.72700
       2.59393      12.70000
       2.62393      14.21000
       2.65493      15.40000
       2.68493      16.21000
       2.71493      14.10000
       2.74493      11.27000
       2.77493      10.06000
       2.80593       9.12900
       2.83593       8.17500
       2.86593       8.10500
       2.89593       9.33600
       2.92593      11.31000
       2.95593      11.34000
       2.98693       7.76500
       3.01693       3.67600
       3.04693       1.79000
       3.07693       1.39200
       3.10693       1.37400
       3.13693       1.42600
       3.16793       1.66700
       3.19793       2.96200
       3.22793       7.25500
       3.25793      14.70000
       3.28793      20.62000
       3.31793      21.87000
       3.34893      21.06000
       3.37893      18.02000
       3.40893      12.66000
       3.43893      10.84000
       3.46893      14.81000
       3.49893      18.47000
       3.52993      16.45000
       3.55993      11.45000
       3.58993       8.51200
       3.61993       8.57100
       3.64993      11.18000
       3.67993      16.76000
       3.71093      22.01000
       3.74093      21.97000
       3.77093      18.18000
       3.80093      14.93000
       3.83093      12.65000
       3.86093      10.40000
       3.89193       8.47900
       3.92193       7.37100
       3.95193       6.89700
       3.98193       6.60300
       4.01193       6.25200
       4.04293       5.96900
       4.07293       6.28800
       4.10293       8.28600
       4.13293      11.67000
       4.16293      13.35000
       4.19293      11.98000
       4.22393       9.83100
       4.25393       8.51700
       4.28393       8.07200
       4.31393       8.98600
       4.34393      11.72000
       4.37393      14.21000
       4.40493      13.99000
       4.43493      12.10000
       4.46493      10.49000
       4.49493       9.47800
       4.52493       8.88100
       4.55493       8.55400
       4.58593       8.32400
       4.61593       8.32900
       4.64593       8.63000
       4.67593       8.77800
       4.70593       8.63300
       4.73593       8.58700
       4.76693       8.77500
       4.79693       8.84000
       4.82693       8.42700
       4.85693       7.84100
       4.88693       7.70900
       4.91693       8.15100
       4.94793       8.62100
       4.97793       8.58600
       5.00793       8.72100
       5.03793       9.48600
       5.06793       9.99000
       5.09793      10.03000
       5.12893      10.53000
       5.15893      11.69000
       5.18893      12.51000
       5.21893      12.78000
       5.24893      13.45000
       5.27993      14.49000
       5.30993      15.16000
       5.33993      15.13000
       5.36993      14.78000
       5.39993      15.46000
       5.42993      17.74000
       5.46093      19.94000
       5.49093      20.07000
       5.52093      18.14000
       5.55093      15.58000
       5.58093      14.05000
       5.61093      13.88000
       5.64193      13.97000
       5.67193      13.25000
       5.70193      11.71000
       5.73193      10.49000
       5.76193      10.48000
       5.79193      11.36000
       5.82293      12.49000
       5.85293      13.56000
       5.88293      14.02000
       5.91293      13.86000
       5.94293      13.79000
       5.97293      13.94000
       6.00393      13.92000
       6.03393      13.77000
       6.06393      13.77000
       6.09393      13.87000
       6.12393      13.75000
       6.15393      13.03000
       6.18493      11.82000
       6.21493      11.04000
       6.24493      11.42000
       6.27493      12.32000
       6.30493      12.79000
       6.33593      12.88000
       6.36593      13.17000
       6.39593      13.77000
       6.42593      14.35000
       6.45593      14.36000
       6.48593      13.29000
       6.51693      12.24000
       6.54693      12.77000
       6.57693      13.47000
       6.60693      12.56000
       6.63693      11.18000
       6.66693      10.67000
       6.69793      11.06000
       6.72793      11.77000
       6.75793      11.69000
       6.78793      10.51000
       6.81793       9.46300
       6.84793       9.04400
       6.87893       8.63100
       6.90893       8.21100
       6.93893       8.39900
       6.96893       9.14900
       6.99893       9.65500
       7.02893      10.04000
       7.05993      10.95000
       7.08993      11.80000
       7.11993      11.46000
       7.14993       9.99500
       7.17993       8.49100
       7.20993       8.16200
       7.24093       8.88800
       7.27093       9.28000
       7.30093       8.70500
       7.33093       7.66500
       7.36093       6.82600
       7.39093       6.47200
       7.42193       6.07200
       7.45193       4.90200
       7.48193       3.44900
       7.51193       2.59300
       7.54193       2.48300
       7.57293       2.62600
       7.60293       2.64400
       7.63293       2.56800
       7.66293       2.28600
       7.69293       2.05400
       7.72293       2.21400
       7.75393       2.42800
       7.78393       2.40100
       7.81393       2.35800
       7.84393       2.30400
       7.87393       2.02400
       7.90393       1.60600
       7.93493       1.28200
       7.96493       1.08000
       7.99493       0.83500
       8.02493       0.64490
       8.05493       0.65550
       8.08493       0.61690
       8.11593       0.37110
       8.14593       0.15960
       8.17593       0.14190
       8.20593       0.18380
       8.23593       0.13760
       8.26593       0.05231
       8.29693       0.00999
       8.32693       0.00095
       8.35693       0.00005
       8.38693       0.00000
       8.41693       0.00000
       8.44693       0.00000
       8.47793       0.00000
       8.50793       0.00000
       8.53793       0.00000
       8.56793       0.00000
       8.59793       0.00000
       8.62793       0.00000
       8.65893       0.00000
       8.68893       0.00000
       8.71893       0.00000
       8.74893       0.00000
       8.77893       0.00000
       8.80993       0.00000
       8.83993       0.00000
       8.86993       0.00000
       8.89993       0.00000
       8.92993       0.00000
       8.95993       0.00000
       8.99093       0.00000
       9.02093       0.00000
       9.05093       0.00000
       9.08093       0.00000
       9.11093       0.00000
       9.14093       0.00000
       9.17193       0.00000
       9.20193       0.00000
       9.23193       0.00000
       9.26193       0.00000
       9.29193       0.00000
       9.32193       0.00000
       9.35293       0.00000
       9.38293       0.00000
       9.41293       0.00000
       9.44293       0.00000
       9.47293       0.00000
       9.50293       0.00000
       9.53393       0.00000
       9.56393       0.00000
