      #Energy        TDOS
     -22.88134       0.00000
     -22.85034       0.00000
     -22.81834       0.00000
     -22.78734       0.00000
     -22.75534       0.00000
     -22.72434       0.00000
     -22.69234       0.00000
     -22.66134       0.00000
     -22.62934       0.00000
     -22.59834       0.00000
     -22.56634       0.00000
     -22.53534       0.00000
     -22.50334       0.00000
     -22.47234       0.00000
     -22.44034       0.00000
     -22.40934       0.00000
     -22.37834       0.00000
     -22.34634       0.00000
     -22.31534       0.00000
     -22.28334       0.00000
     -22.25234       0.00000
     -22.22034       0.00000
     -22.18934       0.00000
     -22.15734       0.00000
     -22.12634       0.00000
     -22.09434       0.00000
     -22.06334       0.00000
     -22.03134       0.00000
     -22.00034       0.00000
     -21.96834       0.00000
     -21.93734       0.00000
     -21.90634       0.00000
     -21.87434       0.00000
     -21.84334       0.00000
     -21.81134       0.00000
     -21.78034       0.00000
     -21.74834       0.00000
     -21.71734       0.00000
     -21.68534       0.00000
     -21.65434       0.00000
     -21.62234       0.00001
     -21.59134       0.00030
     -21.55934       0.00821
     -21.52834       0.10460
     -21.49734       0.62840
     -21.46534       1.80800
     -21.43434       2.75800
     -21.40234       4.05400
     -21.37134       9.16400
     -21.33934      14.46000
     -21.30834      11.36000
     -21.27634       4.29700
     -21.24534       1.16300
     -21.21334       2.52700
     -21.18234       7.26200
     -21.15034      11.08000
     -21.11934      11.67000
     -21.08734      14.25000
     -21.05634      17.46000
     -21.02534      13.49000
     -20.99334       5.44600
     -20.96234       1.14700
     -20.93034       0.89270
     -20.89934       4.44700
     -20.86734      12.30000
     -20.83634      16.69000
     -20.80434      11.03000
     -20.77334       3.52400
     -20.74134       0.53950
     -20.71034       0.05124
     -20.67834       0.21830
     -20.64734       1.83400
     -20.61534       7.36600
     -20.58434      14.39000
     -20.55334      14.94000
     -20.52134      11.06000
     -20.49034       7.94200
     -20.45834       4.30000
     -20.42734       1.29300
     -20.39534       0.27680
     -20.36434       0.84590
     -20.33234       3.90200
     -20.30134       8.86300
     -20.26934      10.55000
     -20.23834       8.41000
     -20.20634       5.93800
     -20.17534       3.76700
     -20.14334       5.31300
     -20.11234      12.35000
     -20.08134      18.24000
     -20.04934      19.35000
     -20.01834      16.85000
     -19.98634       9.47400
     -19.95534       2.80000
     -19.92334       0.79210
     -19.89234       3.04400
     -19.86034      10.90000
     -19.82934      18.92000
     -19.79734      16.10000
     -19.76634       8.13100
     -19.73434       5.43300
     -19.70334       4.68800
     -19.67134       2.36100
     -19.64034       0.57620
     -19.60934       0.06659
     -19.57734       0.00362
     -19.54634       0.00009
     -19.51434       0.00001
     -19.48334       0.00039
     -19.45134       0.01427
     -19.42034       0.24640
     -19.38834       2.00100
     -19.35734       7.69800
     -19.32534      14.19000
     -19.29434      13.42000
     -19.26234       9.88800
     -19.23134      10.22000
     -19.19934       8.49100
     -19.16834       3.78400
     -19.13734       2.11000
     -19.10534       6.21100
     -19.07434      13.15000
     -19.04234      13.40000
     -19.01134       6.50800
     -18.97934       1.50100
     -18.94834       0.16370
     -18.91634       0.00839
     -18.88534       0.00021
     -18.85334       0.00051
     -18.82234       0.01629
     -18.79034       0.24710
     -18.75934       1.76800
     -18.72734       6.05100
     -18.69634      10.42000
     -18.66534      11.49000
     -18.63334      13.95000
     -18.60234      18.92000
     -18.57034      19.32000
     -18.53934      12.09000
     -18.50734       4.66100
     -18.47634       3.24500
     -18.44434       4.76900
     -18.41334       4.36500
     -18.38134       3.75100
     -18.35034       7.99700
     -18.31834      15.48000
     -18.28734      18.39000
     -18.25534      17.70000
     -18.22434      16.37000
     -18.19334      10.08000
     -18.16134       3.19600
     -18.13034       0.48690
     -18.09834       0.03504
     -18.06734       0.00141
     -18.03534       0.00960
     -18.00434       0.18620
     -17.97234       1.74500
     -17.94134       8.13400
     -17.90934      19.77000
     -17.87834      26.44000
     -17.84634      20.52000
     -17.81534      10.07000
     -17.78334       3.68500
     -17.75234       1.04700
     -17.72134       0.26060
     -17.68934       0.65120
     -17.65834       2.49200
     -17.62634       4.66200
     -17.59534       4.38500
     -17.56334       4.10700
     -17.53234      10.96000
     -17.50034      23.18000
     -17.46934      24.79000
     -17.43734      13.68000
     -17.40634       5.30200
     -17.37434       2.79700
     -17.34334       1.38600
     -17.31134       0.37120
     -17.28034       0.04776
     -17.24934       0.00295
     -17.21734       0.00316
     -17.18634       0.07935
     -17.15434       0.96080
     -17.12334       5.49500
     -17.09134      14.99000
     -17.06034      20.30000
     -17.02834      17.34000
     -16.99734      18.57000
     -16.96534      25.29000
     -16.93434      26.70000
     -16.90234      17.81000
     -16.87134       6.51900
     -16.83934       1.20000
     -16.80834       0.10660
     -16.77734       0.00479
     -16.74534       0.01197
     -16.71434       0.21410
     -16.68234       1.81500
     -16.65134       7.28700
     -16.61934      14.04000
     -16.58834      13.77000
     -16.55634       8.93000
     -16.52534       5.96000
     -16.49334       3.30300
     -16.46234       1.00700
     -16.43034       0.14890
     -16.39934       0.01042
     -16.36834       0.00116
     -16.33634       0.02684
     -16.30534       0.42230
     -16.27334       3.24200
     -16.24234      12.46000
     -16.21034      24.65000
     -16.17934      25.55000
     -16.14734      13.90000
     -16.11634       3.90000
     -16.08434       0.54970
     -16.05334       0.03790
     -16.02134       0.00125
     -15.99034       0.00002
     -15.95834       0.00000
     -15.92734       0.00000
     -15.89634       0.00000
     -15.86434       0.00000
     -15.83334       0.00000
     -15.80134       0.00000
     -15.77034       0.00000
     -15.73834       0.00009
     -15.70734       0.00398
     -15.67534       0.08791
     -15.64434       0.94680
     -15.61234       5.15500
     -15.58134      14.94000
     -15.54934      24.94000
     -15.51834      27.36000
     -15.48634      22.28000
     -15.45534      12.57000
     -15.42434       4.51900
     -15.39234       3.67300
     -15.36134       9.94800
     -15.32934      18.44000
     -15.29834      20.46000
     -15.26634      13.19000
     -15.23534       5.52400
     -15.20334       4.79900
     -15.17234       7.60700
     -15.14034       8.75600
     -15.10934      10.25000
     -15.07734      11.92000
     -15.04634      10.16000
     -15.01434       6.33300
     -14.98334       2.63800
     -14.95234       0.61240
     -14.92034       0.11770
     -14.88934       0.37370
     -14.85734       1.36500
     -14.82634       2.52400
     -14.79434       3.56400
     -14.76334       8.95000
     -14.73134      21.22000
     -14.70034      27.93000
     -14.66834      20.14000
     -14.63734      10.74000
     -14.60534       7.55900
     -14.57434       5.36600
     -14.54234       2.47200
     -14.51134       0.64990
     -14.48034       0.09106
     -14.44834       0.02000
     -14.41734       0.15280
     -14.38534       0.80610
     -14.35434       2.11700
     -14.32234       3.59900
     -14.29134       7.12500
     -14.25934      13.26000
     -14.22834      14.05000
     -14.19634       9.57300
     -14.16534      10.71000
     -14.13334      14.66000
     -14.10234      11.04000
     -14.07034       4.29200
     -14.03934       3.00000
     -14.00834       8.39900
     -13.97634      14.29000
     -13.94534      11.66000
     -13.91334       4.52900
     -13.88234       0.83470
     -13.85034       0.07640
     -13.81934       0.08423
     -13.78734       0.81060
     -13.75634       3.82000
     -13.72434       8.54700
     -13.69334       9.11000
     -13.66134       4.63000
     -13.63034       1.19200
     -13.59834       0.76850
     -13.56734       2.71200
     -13.53634       6.65700
     -13.50434      12.96000
     -13.47334      21.19000
     -13.44134      22.46000
     -13.41034      13.22000
     -13.37834       4.11700
     -13.34734       0.70470
     -13.31534       0.65220
     -13.28434       3.65800
     -13.25234      10.57000
     -13.22134      14.54000
     -13.18934       9.52500
     -13.15834       2.96900
     -13.12634       0.43830
     -13.09534       0.03048
     -13.06434       0.00100
     -13.03234       0.00073
     -13.00134       0.02563
     -12.96934       0.43290
     -12.93834       3.44800
     -12.90634      13.03000
     -12.87534      23.47000
     -12.84334      20.32000
     -12.81234       9.48400
     -12.78034       6.46400
     -12.74934      10.10000
     -12.71734      10.78000
     -12.68634       6.72400
     -12.65434       5.26100
     -12.62334      10.46000
     -12.59234      14.88000
     -12.56034      12.22000
     -12.52934      11.46000
     -12.49734      14.75000
     -12.46634      11.86000
     -12.43434       5.27100
     -12.40334       4.67500
     -12.37134      10.86000
     -12.34034      14.51000
     -12.30834       9.30500
     -12.27734       2.83800
     -12.24534       0.41010
     -12.21434       0.02793
     -12.18234       0.00231
     -12.15134       0.03640
     -12.12034       0.45760
     -12.08834       2.89300
     -12.05734       9.43900
     -12.02534      16.40000
     -11.99434      15.70000
     -11.96234       8.50400
     -11.93134       2.61800
     -11.89934       0.75000
     -11.86834       2.42900
     -11.83634       8.49600
     -11.80534      14.37000
     -11.77334      12.00000
     -11.74234       7.51600
     -11.71034      10.55000
     -11.67934      14.62000
     -11.64834      10.37000
     -11.61634       3.65100
     -11.58534       1.54700
     -11.55334       3.20900
     -11.52234       4.84600
     -11.49034       3.53200
     -11.45934       1.22500
     -11.42734       0.20140
     -11.39634       0.01630
     -11.36434       0.02419
     -11.33334       0.38560
     -11.30134       3.03000
     -11.27034      11.62000
     -11.23934      22.05000
     -11.20734      20.91000
     -11.17634       9.97700
     -11.14434       2.77500
     -11.11334       2.84500
     -11.08134       8.71000
     -11.05034      16.90000
     -11.01834      19.30000
     -10.98734      13.95000
     -10.95534      10.51000
     -10.92434      10.33000
     -10.89234       7.19000
     -10.86134       5.97500
     -10.82934      14.12000
     -10.79834      25.76000
     -10.76734      26.02000
     -10.73534      16.15000
     -10.70434       8.11100
     -10.67234       3.53200
     -10.64134       0.97500
     -10.60934       0.13790
     -10.57834       0.00987
     -10.54634       0.01863
     -10.51534       0.29840
     -10.48334       2.28500
     -10.45234       8.28200
     -10.42034      14.27000
     -10.38934      11.71000
     -10.35734       4.57800
     -10.32634       0.84870
     -10.29534       0.08091
     -10.26334       0.13520
     -10.23234       1.28000
     -10.20034       6.27400
     -10.16934      16.16000
     -10.13734      22.38000
     -10.10634      16.60000
     -10.07434       6.43300
     -10.04334       1.47400
     -10.01134       2.02300
      -9.98034       7.75100
      -9.94834      15.44000
      -9.91734      15.86000
      -9.88534       9.61800
      -9.85434       4.89900
      -9.82334       5.11100
      -9.79134      10.90000
      -9.76034      17.08000
      -9.72834      17.06000
      -9.69734      14.42000
      -9.66534      11.87000
      -9.63434       8.71100
      -9.60234       6.50400
      -9.57134       9.08000
      -9.53934      19.26000
      -9.50834      26.97000
      -9.47634      21.91000
      -9.44534      12.23000
      -9.41334       6.52100
      -9.38234       2.96400
      -9.35134       0.78960
      -9.31934       0.23600
      -9.28834       0.94210
      -9.25634       3.08400
      -9.22534       4.83700
      -9.19334       3.68100
      -9.16234       2.08400
      -9.13034       4.74700
      -9.09934      13.00000
      -9.06734      18.78000
      -9.03634      13.58000
      -9.00434       4.85900
      -8.97334       1.12000
      -8.94134       2.01600
      -8.91034       6.43400
      -8.87934      10.51000
      -8.84734       9.13900
      -8.81634       4.87300
      -8.78434       2.03500
      -8.75334       2.01000
      -8.72134       4.06600
      -8.69034       4.78600
      -8.65834       3.63400
      -8.62734       7.14300
      -8.59534      19.82000
      -8.56434      28.97000
      -8.53234      20.42000
      -8.50134       6.90200
      -8.46934       1.11900
      -8.43834       0.17330
      -8.40734       0.74340
      -8.37534       3.31700
      -8.34434       9.53000
      -8.31234      20.98000
      -8.28134      33.83000
      -8.24934      36.72000
      -8.21834      30.22000
      -8.18634      22.52000
      -8.15534      13.07000
      -8.12334       5.00400
      -8.09234       3.99400
      -8.06034      11.14000
      -8.02934      19.65000
      -7.99734      19.19000
      -7.96634      12.99000
      -7.93534       8.00400
      -7.90334       6.87300
      -7.87234      11.88000
      -7.84034      17.29000
      -7.80934      18.69000
      -7.77734      20.84000
      -7.74634      21.15000
      -7.71434      19.58000
      -7.68334      23.28000
      -7.65134      26.58000
      -7.62034      22.08000
      -7.58834      15.81000
      -7.55734      11.43000
      -7.52534       7.11800
      -7.49434       5.46900
      -7.46334       5.10000
      -7.43134       4.91100
      -7.40034      11.77000
      -7.36834      25.65000
      -7.33734      29.91000
      -7.30534      25.20000
      -7.27434      29.32000
      -7.24234      32.72000
      -7.21134      22.70000
      -7.17934      10.76000
      -7.14834       9.05200
      -7.11634      15.70000
      -7.08534      21.28000
      -7.05334      23.07000
      -7.02234      21.63000
      -6.99134      19.63000
      -6.95934      17.13000
      -6.92834      10.32000
      -6.89634       3.56700
      -6.86534       0.67460
      -6.83334       0.07203
      -6.80234       0.10670
      -6.77034       1.18300
      -6.73934       6.57300
      -6.70734      18.29000
      -6.67634      27.38000
      -6.64434      26.38000
      -6.61334      22.57000
      -6.58134      20.53000
      -6.55034      24.78000
      -6.51934      37.71000
      -6.48734      46.32000
      -6.45634      43.27000
      -6.42434      31.87000
      -6.39334      21.87000
      -6.36134      18.72000
      -6.33034      19.52000
      -6.29834      17.92000
      -6.26734      14.40000
      -6.23534      17.54000
      -6.20434      24.64000
      -6.17234      20.84000
      -6.14134       8.95300
      -6.11034       3.59900
      -6.07834       9.80600
      -6.04734      24.96000
      -6.01534      34.48000
      -5.98434      33.06000
      -5.95234      29.43000
      -5.92134      21.87000
      -5.88934      14.08000
      -5.85834      13.56000
      -5.82634      16.52000
      -5.79534      14.74000
      -5.76334      12.40000
      -5.73234      18.32000
      -5.70034      27.69000
      -5.66934      29.85000
      -5.63834      23.86000
      -5.60634      13.85000
      -5.57534       4.89000
      -5.54334       1.74700
      -5.51234       5.95200
      -5.48034      18.82000
      -5.44934      29.15000
      -5.41734      23.46000
      -5.38634      15.54000
      -5.35434      15.44000
      -5.32334      12.08000
      -5.29134       4.95300
      -5.26034       1.65800
      -5.22834       2.00800
      -5.19734       2.39300
      -5.16634       1.45100
      -5.13434       0.81280
      -5.10334       2.23600
      -5.07134       6.56700
      -5.04034      13.87000
      -5.00834      22.44000
      -4.97734      25.67000
      -4.94534      23.16000
      -4.91434      24.13000
      -4.88234      25.92000
      -4.85134      20.79000
      -4.81934      18.71000
      -4.78834      26.04000
      -4.75634      28.72000
      -4.72534      25.15000
      -4.69434      25.23000
      -4.66234      22.02000
      -4.63134      12.99000
      -4.59934       7.63100
      -4.56834       7.15500
      -4.53634      12.26000
      -4.50534      23.07000
      -4.47334      26.31000
      -4.44234      19.81000
      -4.41034      16.98000
      -4.37934      15.56000
      -4.34734      14.96000
      -4.31634      21.81000
      -4.28434      24.89000
      -4.25334      17.07000
      -4.22234       9.19500
      -4.19034       8.15200
      -4.15934      14.85000
      -4.12734      23.52000
      -4.09634      28.40000
      -4.06434      27.71000
      -4.03334      20.42000
      -4.00134      14.37000
      -3.97034      16.44000
      -3.93834      18.11000
      -3.90734      12.34000
      -3.87534       5.82300
      -3.84434       2.54500
      -3.81234       0.85880
      -3.78134       0.16570
      -3.75034       0.11940
      -3.71834       0.88520
      -3.68734       3.55700
      -3.65534       6.86700
      -3.62434       6.52000
      -3.59234       3.73100
      -3.56134       2.72400
      -3.52934       2.63100
      -3.49834       3.39200
      -3.46634       8.85800
      -3.43534      17.26000
      -3.40334      20.22000
      -3.37234      17.72000
      -3.34034      17.86000
      -3.30934      20.29000
      -3.27834      15.31000
      -3.24634       6.08900
      -3.21534       1.21900
      -3.18334       0.12130
      -3.15234       0.00607
      -3.12034       0.00511
      -3.08934       0.09936
      -3.05734       0.93440
      -3.02634       4.16600
      -2.99434       8.94700
      -2.96334      10.08000
      -2.93134       9.01200
      -2.90034      10.64000
      -2.86834      12.59000
      -2.83734      15.00000
      -2.80634      15.31000
      -2.77434       9.04400
      -2.74334       2.64500
      -2.71134       0.37070
      -2.68034       0.05969
      -2.64834       0.49040
      -2.61734       3.19700
      -2.58534       9.89100
      -2.55434      14.56000
      -2.52234      10.21000
      -2.49134       3.40800
      -2.45934       0.53900
      -2.42834       0.04019
      -2.39634       0.00200
      -2.36534       0.01621
      -2.33434       0.20690
      -2.30234       1.24700
      -2.27134       3.57700
      -2.23934       5.10200
      -2.20834       5.21700
      -2.17634       8.83000
      -2.14534      14.26000
      -2.11334      12.08000
      -2.08234       4.91700
      -2.05034       0.95910
      -2.01934       0.26270
      -1.98734       1.58100
      -1.95634       6.68900
      -1.92434      13.50000
      -1.89334      13.00000
      -1.86234       5.97300
      -1.83034       1.30500
      -1.79934       0.13490
      -1.76734       0.00681
      -1.73634       0.00920
      -1.70434       0.15930
      -1.67334       1.35800
      -1.64134       5.86600
      -1.61034      13.95000
      -1.57834      20.06000
      -1.54734      17.73000
      -1.51534       8.87800
      -1.48434       2.30200
      -1.45234       0.31020
      -1.42134       0.24050
      -1.39034       1.30900
      -1.35834       3.64300
      -1.32734       4.83000
      -1.29534       3.08200
      -1.26434       1.33200
      -1.23234       2.64500
      -1.20134       7.78900
      -1.16934      14.12000
      -1.13834      18.76000
      -1.10634      20.92000
      -1.07534      21.62000
      -1.04334      20.68000
      -1.01234      13.77000
      -0.98034       5.30700
      -0.94934       1.35400
      -0.91834       1.21700
      -0.88634       2.33800
      -0.85534       3.17600
      -0.82334       6.04100
      -0.79234      12.37000
      -0.76034      14.06000
      -0.72934       7.76000
      -0.69734       2.04700
      -0.66634       0.25640
      -0.63434       0.01517
      -0.60334       0.00042
      -0.57134       0.00001
      -0.54034       0.00020
      -0.50934       0.00587
      -0.47734       0.08139
      -0.44634       0.53200
      -0.41434       1.64700
      -0.38334       2.42700
      -0.35134       1.72100
      -0.32034       0.79430
      -0.28834       1.40700
      -0.25734       3.65900
      -0.22534       4.82300
      -0.19434       3.03800
      -0.16234       0.93240
      -0.13134       0.45630
      -0.09934       2.46500
      -0.06834       9.51200
      -0.03734      19.57000
      -0.00534      21.64000
       0.02566      12.69000
       0.05766       3.98500
       0.08866       1.44400
       0.12066       2.10800
       0.15166       2.32600
       0.18366       1.26600
       0.21466       0.64010
       0.24666       2.43700
       0.27766       8.46900
       0.30966      14.28000
       0.34066      11.53000
       0.37266       4.45700
       0.40366       0.82200
       0.43466       0.07195
       0.46666       0.00297
       0.49766       0.00006
       0.52966       0.00000
       0.56066       0.00000
       0.59266       0.00000
       0.62366       0.00000
       0.65566       0.00000
       0.68666       0.00000
       0.71866       0.00000
       0.74966       0.00000
       0.78166       0.00000
       0.81266       0.00000
       0.84466       0.00000
       0.87566       0.00000
       0.90666       0.00000
       0.93866       0.00000
       0.96966       0.00000
       1.00166       0.00000
       1.03266       0.00000
       1.06466       0.00000
       1.09566       0.00000
       1.12766       0.00000
       1.15866       0.00000
       1.19066       0.00000
       1.22166       0.00000
       1.25366       0.00000
       1.28466       0.00000
       1.31666       0.00000
       1.34766       0.00000
       1.37866       0.00000
       1.41066       0.00000
       1.44166       0.00000
       1.47366       0.00001
       1.50466       0.00061
       1.53666       0.02061
       1.56766       0.32620
       1.59966       2.42900
       1.63066       8.56400
       1.66266      14.37000
       1.69366      11.65000
       1.72566       5.50600
       1.75666       4.26500
       1.78866       5.65600
       1.81966       7.56900
       1.85066      13.20000
       1.88266      16.92000
       1.91366      11.25000
       1.94566       3.94900
       1.97666       2.95700
       2.00866       8.44100
       2.03966      14.18000
       2.07166      11.59000
       2.10266       4.92900
       2.13466       2.72900
       2.16566       4.75700
       2.19766       7.71200
       2.22866      12.15000
       2.26066      15.24000
       2.29166      11.41000
       2.32266       8.55300
       2.35466      12.76000
       2.38566      14.09000
       2.41766       7.71500
       2.44866       2.01500
       2.48066       0.24940
       2.51166       0.01453
       2.54366       0.00040
       2.57466       0.00001
       2.60666       0.00000
       2.63766       0.00000
       2.66966       0.00000
       2.70066       0.00032
       2.73266       0.01222
       2.76366       0.21740
       2.79466       1.83500
       2.82666       7.48700
       2.85766      15.44000
       2.88966      18.11000
       2.92066      14.71000
       2.95266       8.80600
       2.98366       3.28200
       3.01566       0.65320
       3.04666       0.06484
       3.07866       0.00312
       3.10966       0.00007
       3.14166       0.00000
       3.17266       0.00000
       3.20466       0.00001
       3.23566       0.00040
       3.26666       0.01174
       3.29866       0.16280
       3.32966       1.06400
       3.36166       3.29500
       3.39266       4.85300
       3.42466       3.40600
       3.45566       1.13700
       3.48766       0.17990
       3.51866       0.01342
       3.55066       0.00048
       3.58166       0.00080
       3.61366       0.02551
       3.64466       0.38390
       3.67666       2.73600
       3.70766       9.46400
       3.73866      17.24000
       3.77066      20.72000
       3.80166      21.16000
       3.83366      16.52000
       3.86466       8.05100
       3.89666       2.58500
       3.92766       2.10100
       3.95966       4.17200
       3.99066       4.65600
       4.02266       2.62200
       4.05366       1.40200
       4.08566       2.04000
       4.11666       2.41200
       4.14866       1.92600
       4.17966       4.80300
       4.21066      17.35000
       4.24266      34.17000
       4.27366      36.16000
       4.30566      25.96000
       4.33666      20.65000
       4.36866      16.72000
       4.39966       9.45800
       4.43166       3.76500
       4.46266       3.14600
       4.49466       7.55500
       4.52566      12.66000
       4.55766      11.87000
       4.58866       6.54100
       4.61966       5.50500
       4.65166      11.26000
       4.68266      14.46000
       4.71466       8.97900
       4.74566       2.65200
       4.77766       0.37100
       4.80866       0.02443
       4.84066       0.00075
       4.87166       0.00001
       4.90366       0.00001
       4.93466       0.00097
       4.96666       0.03147
       4.99766       0.48950
       5.02966       3.70600
       5.06066      13.90000
       5.09166      26.19000
       5.12366      25.02000
       5.15466      12.11000
       5.18666       2.94000
       5.21766       0.35760
       5.24966       0.09954
       5.28066       0.64540
       5.31266       2.84500
       5.34366       7.20100
       5.37566      11.06000
       5.40666      11.27000
       5.43866       9.88900
       5.46966      12.11000
       5.50166      18.24000
       5.53266      22.67000
       5.56366      19.20000
       5.59566       9.47500
       5.62666       3.84400
       5.65866       7.27500
       5.68966      15.26000
       5.72166      16.45000
       5.75266      12.06000
       5.78466      15.84000
       5.81566      29.03000
       5.84766      39.94000
       5.87866      37.19000
       5.91066      29.76000
       5.94166      31.70000
       5.97366      33.28000
       6.00466      26.98000
       6.03566      17.40000
       6.06766      11.03000
       6.09866      11.10000
       6.13066      13.28000
       6.16166      11.39000
       6.19366       7.07100
       6.22466       8.30900
       6.25666      13.91000
       6.28766      13.78000
       6.31966      10.96000
       6.35066      15.58000
       6.38266      19.30000
       6.41366      12.40000
       6.44566       4.23600
       6.47666       3.59000
       6.50766      11.52000
       6.53966      22.90000
       6.57066      25.20000
       6.60266      16.46000
       6.63366      11.61000
       6.66566      20.66000
       6.69666      29.72000
       6.72866      24.53000
       6.75966      21.48000
       6.79166      27.95000
       6.82266      26.10000
       6.85466      15.37000
       6.88566       9.20900
       6.91766       8.83800
       6.94866       8.41600
       6.97966       6.04300
       7.01166       7.40200
       7.04266      13.25000
       7.07466      13.50000
       7.10566       6.63700
       7.13766       1.55200
       7.16866       0.17160
       7.20066       0.00892
       7.23166       0.00022
       7.26366       0.00000
       7.29466       0.00000
       7.32666       0.00000
       7.35766       0.00000
       7.38966       0.00000
       7.42066       0.00000
       7.45166       0.00000
       7.48366       0.00000
       7.51466       0.00000
       7.54666       0.00000
       7.57766       0.00000
       7.60966       0.00000
       7.64066       0.00000
       7.67266       0.00000
       7.70366       0.00000
       7.73566       0.00000
       7.76666       0.00000
       7.79866       0.00000
       7.82966       0.00000
       7.86166       0.00000
       7.89266       0.00000
       7.92366       0.00000
       7.95566       0.00000
       7.98666       0.00000
       8.01866       0.00000
       8.04966       0.00000
       8.08166       0.00000
       8.11266       0.00000
       8.14466       0.00000
       8.17566       0.00000
       8.20766       0.00000
       8.23866       0.00000
       8.27066       0.00000
       8.30166       0.00000
       8.33366       0.00000
       8.36466       0.00000
       8.39566       0.00000
       8.42766       0.00000
       8.45866       0.00000
       8.49066       0.00000
       8.52166       0.00000
       8.55366       0.00000
