      #Energy        TDOS
     -20.41340       0.00000
     -20.38340       0.00000
     -20.35340       0.00000
     -20.32340       0.00000
     -20.29340       0.00000
     -20.26240       0.00000
     -20.23240       0.00000
     -20.20240       0.00000
     -20.17240       0.00000
     -20.14240       0.00000
     -20.11240       0.00000
     -20.08140       0.00000
     -20.05140       0.00000
     -20.02140       0.00000
     -19.99140       0.00000
     -19.96140       0.00000
     -19.93140       0.00000
     -19.90040       0.00000
     -19.87040       0.00000
     -19.84040       0.00000
     -19.81040       0.00000
     -19.78040       0.00000
     -19.75040       0.00000
     -19.71940       0.00000
     -19.68940       0.00000
     -19.65940       0.00000
     -19.62940       0.00000
     -19.59940       0.00000
     -19.56940       0.00000
     -19.53840       0.00000
     -19.50840       0.00000
     -19.47840       0.00000
     -19.44840       0.00000
     -19.41840       0.00000
     -19.38840       0.00000
     -19.35740       0.00000
     -19.32740       0.00000
     -19.29740       0.00000
     -19.26740       0.00000
     -19.23740       0.00000
     -19.20740       0.00000
     -19.17640       0.00001
     -19.14640       0.00024
     -19.11640       0.00307
     -19.08640       0.02169
     -19.05640       0.08991
     -19.02640       0.23760
     -18.99540       0.44111
     -18.96540       0.64030
     -18.93540       0.80476
     -18.90540       0.94837
     -18.87540       1.11582
     -18.84540       1.37632
     -18.81440       1.77091
     -18.78440       2.23624
     -18.75440       2.64425
     -18.72440       2.94333
     -18.69440       3.18638
     -18.66440       3.42428
     -18.63340       3.66129
     -18.60340       3.89699
     -18.57340       4.15029
     -18.54340       4.44733
     -18.51340       4.78068
     -18.48340       5.08483
     -18.45240       5.29908
     -18.42240       5.43064
     -18.39240       5.52030
     -18.36240       5.59441
     -18.33240       5.66622
     -18.30240       5.75749
     -18.27140       5.90849
     -18.24140       6.14974
     -18.21140       6.47350
     -18.18140       6.84697
     -18.15140       7.21351
     -18.12140       7.51162
     -18.09040       7.73409
     -18.06040       7.92003
     -18.03040       8.10405
     -18.00040       8.30758
     -17.97040       8.55255
     -17.94040       8.86442
     -17.90940       9.24378
     -17.87940       9.63746
     -17.84940       9.98394
     -17.81940      10.27339
     -17.78940      10.53084
     -17.75940      10.77912
     -17.72840      11.03227
     -17.69840      11.29223
     -17.66840      11.54174
     -17.63840      11.76110
     -17.60840      11.96283
     -17.57840      12.20268
     -17.54740      12.54163
     -17.51740      12.97830
     -17.48740      13.42402
     -17.45740      13.75932
     -17.42740      13.93179
     -17.39740      13.98779
     -17.36640      13.99848
     -17.33640      13.99962
     -17.30640      13.99978
     -17.27640      14.00116
     -17.24640      14.01205
     -17.21640      14.05998
     -17.18540      14.18380
     -17.15540      14.38515
     -17.12540      14.61083
     -17.09540      14.81024
     -17.06540      14.97541
     -17.03540      15.12207
     -17.00440      15.26898
     -16.97440      15.44235
     -16.94440      15.67819
     -16.91440      15.97458
     -16.88440      16.25787
     -16.85440      16.46408
     -16.82340      16.60643
     -16.79340      16.72572
     -16.76340      16.84187
     -16.73340      16.95809
     -16.70340      17.07343
     -16.67240      17.18928
     -16.64240      17.31826
     -16.61240      17.49385
     -16.58240      17.75133
     -16.55240      18.08739
     -16.52240      18.46479
     -16.49140      18.84445
     -16.46140      19.19620
     -16.43140      19.50490
     -16.40140      19.77018
     -16.37140      20.00140
     -16.34140      20.21882
     -16.31040      20.45699
     -16.28040      20.75359
     -16.25040      21.10776
     -16.22040      21.47279
     -16.19040      21.81956
     -16.16040      22.16257
     -16.12940      22.51009
     -16.09940      22.83817
     -16.06940      23.12230
     -16.03940      23.36803
     -16.00940      23.59229
     -15.97940      23.79533
     -15.94840      23.97706
     -15.91840      24.15492
     -15.88840      24.35076
     -15.85840      24.57587
     -15.82840      24.82658
     -15.79840      25.08775
     -15.76740      25.34819
     -15.73740      25.60487
     -15.70740      25.84413
     -15.67740      26.04875
     -15.64740      26.22566
     -15.61740      26.40194
     -15.58640      26.60509
     -15.55640      26.85089
     -15.52640      27.13131
     -15.49640      27.41496
     -15.46640      27.68066
     -15.43640      27.94843
     -15.40540      28.26062
     -15.37540      28.62685
     -15.34540      29.00108
     -15.31540      29.32974
     -15.28540      29.59372
     -15.25540      29.79978
     -15.22440      29.96770
     -15.19440      30.11957
     -15.16440      30.26966
     -15.13440      30.43242
     -15.10440      30.63973
     -15.07440      30.92754
     -15.04340      31.28472
     -15.01340      31.65503
     -14.98340      32.00165
     -14.95340      32.33757
     -14.92340      32.70953
     -14.89340      33.14938
     -14.86240      33.63115
     -14.83240      34.09950
     -14.80240      34.51853
     -14.77240      34.86952
     -14.74240      35.13844
     -14.71240      35.33303
     -14.68140      35.48569
     -14.65140      35.62668
     -14.62140      35.77391
     -14.59140      35.95059
     -14.56140      36.19825
     -14.53140      36.53715
     -14.50040      36.90761
     -14.47040      37.21779
     -14.44040      37.43403
     -14.41040      37.57371
     -14.38040      37.66603
     -14.35040      37.73791
     -14.31940      37.80580
     -14.28940      37.87790
     -14.25940      37.96249
     -14.22940      38.07023
     -14.19940      38.19995
     -14.16940      38.32917
     -14.13840      38.43754
     -14.10840      38.52617
     -14.07840      38.60448
     -14.04840      38.67761
     -14.01840      38.74791
     -13.98840      38.81695
     -13.95740      38.88558
     -13.92740      38.95432
     -13.89740      39.02354
     -13.86740      39.09365
     -13.83740      39.16600
     -13.80740      39.24569
     -13.77640      39.34419
     -13.74640      39.47696
     -13.71640      39.65752
     -13.68640      39.88740
     -13.65640      40.15370
     -13.62640      40.45319
     -13.59540      40.79650
     -13.56540      41.16771
     -13.53540      41.52579
     -13.50540      41.86563
     -13.47540      42.24272
     -13.44540      42.71485
     -13.41440      43.24971
     -13.38440      43.73632
     -13.35440      44.11341
     -13.32440      44.41569
     -13.29440      44.70348
     -13.26440      45.01632
     -13.23340      45.36838
     -13.20340      45.74185
     -13.17340      46.10748
     -13.14340      46.46164
     -13.11340      46.80691
     -13.08340      47.12439
     -13.05240      47.40178
     -13.02240      47.65569
     -12.99240      47.90801
     -12.96240      48.15956
     -12.93240      48.40450
     -12.90240      48.66585
     -12.87140      48.97773
     -12.84140      49.32662
     -12.81140      49.66857
     -12.78140      49.99091
     -12.75140      50.29314
     -12.72140      50.55030
     -12.69040      50.73956
     -12.66040      50.86904
     -12.63040      50.96811
     -12.60040      51.06442
     -12.57040      51.17655
     -12.54040      51.32328
     -12.50940      51.52278
     -12.47940      51.77178
     -12.44940      52.03984
     -12.41940      52.28888
     -12.38940      52.49235
     -12.35940      52.64967
     -12.32840      52.78505
     -12.29840      52.93168
     -12.26840      53.11208
     -12.23840      53.30998
     -12.20840      53.48333
     -12.17840      53.62123
     -12.14740      53.74683
     -12.11740      53.87375
     -12.08740      53.99980
     -12.05740      54.13415
     -12.02740      54.31998
     -11.99740      54.61555
     -11.96640      55.01617
     -11.93640      55.43656
     -11.90640      55.81425
     -11.87640      56.17490
     -11.84640      56.57779
     -11.81640      57.02940
     -11.78540      57.47030
     -11.75540      57.85237
     -11.72540      58.18361
     -11.69540      58.48091
     -11.66540      58.73614
     -11.63540      58.93481
     -11.60440      59.07656
     -11.57440      59.18008
     -11.54440      59.26893
     -11.51440      59.35511
     -11.48440      59.44016
     -11.45440      59.52333
     -11.42340      59.60743
     -11.39340      59.70500
     -11.36340      59.84034
     -11.33340      60.03578
     -11.30340      60.29631
     -11.27340      60.60494
     -11.24240      60.92607
     -11.21240      61.23435
     -11.18240      61.54097
     -11.15240      61.88428
     -11.12240      62.29606
     -11.09240      62.75054
     -11.06140      63.16987
     -11.03140      63.50350
     -11.00140      63.76026
     -10.97140      63.97059
     -10.94140      64.15323
     -10.91140      64.31778
     -10.88040      64.48066
     -10.85040      64.66130
     -10.82040      64.87060
     -10.79040      65.10613
     -10.76040      65.34480
     -10.73040      65.55598
     -10.69940      65.73712
     -10.66940      65.91507
     -10.63940      66.11349
     -10.60940      66.34086
     -10.57940      66.60615
     -10.54940      66.91678
     -10.51840      67.25345
     -10.48840      67.59766
     -10.45840      67.97958
     -10.42840      68.43104
     -10.39840      68.90527
     -10.36740      69.30333
     -10.33740      69.58475
     -10.30740      69.79898
     -10.27740      70.00863
     -10.24740      70.22810
     -10.21740      70.43110
     -10.18640      70.60400
     -10.15640      70.77931
     -10.12640      70.98799
     -10.09640      71.20609
     -10.06640      71.40000
     -10.03640      71.58598
     -10.00540      71.79765
      -9.97540      72.02089
      -9.94540      72.20718
      -9.91540      72.34252
      -9.88540      72.45481
      -9.85540      72.57637
      -9.82440      72.73381
      -9.79440      72.94559
      -9.76440      73.21973
      -9.73440      73.55686
      -9.70440      73.92264
      -9.67440      74.25321
      -9.64340      74.53200
      -9.61340      74.79520
      -9.58340      75.06621
      -9.55340      75.35372
      -9.52340      75.67766
      -9.49340      76.05083
      -9.46240      76.45176
      -9.43240      76.82825
      -9.40240      77.14264
      -9.37240      77.40974
      -9.34240      77.66678
      -9.31240      77.93501
      -9.28140      78.22028
      -9.25140      78.51248
      -9.22140      78.78519
      -9.19140      79.01991
      -9.16140      79.22751
      -9.13140      79.44067
      -9.10040      79.69228
      -9.07040      79.98633
      -9.04040      80.28904
      -9.01040      80.56431
      -8.98040      80.79871
      -8.95040      80.99819
      -8.91940      81.18879
      -8.88940      81.40359
      -8.85940      81.65487
      -8.82940      81.93827
      -8.79940      82.25682
      -8.76940      82.61431
      -8.73840      82.99683
      -8.70840      83.37272
      -8.67840      83.70447
      -8.64840      83.97057
      -8.61840      84.18576
      -8.58840      84.39480
      -8.55740      84.63562
      -8.52740      84.92257
      -8.49740      85.27040
      -8.46740      85.68294
      -8.43740      86.11886
      -8.40740      86.51994
      -8.37640      86.85781
      -8.34640      87.13580
      -8.31640      87.37724
      -8.28640      87.62631
      -8.25640      87.92990
      -8.22640      88.29795
      -8.19540      88.70506
      -8.16540      89.13208
      -8.13540      89.57599
      -8.10540      90.00980
      -8.07540      90.37317
      -8.04540      90.63967
      -8.01440      90.85052
      -7.98440      91.06358
      -7.95440      91.30845
      -7.92440      91.57440
      -7.89440      91.81697
      -7.86440      92.01156
      -7.83340      92.19960
      -7.80340      92.44011
      -7.77340      92.73440
      -7.74340      93.03471
      -7.71340      93.31089
      -7.68340      93.57829
      -7.65240      93.86470
      -7.62240      94.16730
      -7.59240      94.45608
      -7.56240      94.72573
      -7.53240      95.01597
      -7.50240      95.35822
      -7.47140      95.74165
      -7.44140      96.14514
      -7.41140      96.54440
      -7.38140      96.90174
      -7.35140      97.19782
      -7.32140      97.44625
      -7.29040      97.66887
      -7.26040      97.89153
      -7.23040      98.15058
      -7.20040      98.45768
      -7.17040      98.78515
      -7.14040      99.12876
      -7.10940      99.53466
      -7.07940     100.04947
      -7.04940     100.67650
      -7.01940     101.36176
      -6.98940     102.03343
      -6.95940     102.64614
      -6.92840     103.16441
      -6.89840     103.56866
      -6.86840     103.89824
      -6.83840     104.26960
      -6.80840     104.84157
      -6.77840     105.67088
      -6.74740     106.58782
      -6.71740     107.35362
      -6.68740     107.91036
      -6.65740     108.36317
      -6.62740     108.80890
      -6.59740     109.27408
      -6.56640     109.75932
      -6.53640     110.25075
      -6.50640     110.71442
      -6.47640     111.13043
      -6.44640     111.51220
      -6.41640     111.92550
      -6.38540     112.48314
      -6.35540     113.25181
      -6.32540     114.15834
      -6.29540     115.01238
      -6.26540     115.66068
      -6.23540     116.09902
      -6.20440     116.42066
      -6.17440     116.74985
      -6.14440     117.21171
      -6.11440     117.84719
      -6.08440     118.56276
      -6.05440     119.24123
      -6.02340     119.87158
      -5.99340     120.49016
      -5.96340     121.06500
      -5.93340     121.56940
      -5.90340     122.08014
      -5.87340     122.67700
      -5.84240     123.30826
      -5.81240     123.84795
      -5.78240     124.25959
      -5.75240     124.63396
      -5.72240     125.06853
      -5.69240     125.55588
      -5.66140     126.02755
      -5.63140     126.45804
      -5.60140     126.87827
      -5.57140     127.32701
      -5.54140     127.82689
      -5.51140     128.40927
      -5.48040     129.11187
      -5.45040     129.96109
      -5.42040     130.98512
      -5.39040     132.13224
      -5.36040     133.22626
      -5.33040     134.15361
      -5.29940     134.96059
      -5.26940     135.71794
      -5.23940     136.42235
      -5.20940     137.03430
      -5.17940     137.56827
      -5.14940     138.09740
      -5.11840     138.66877
      -5.08840     139.26338
      -5.05840     139.84983
      -5.02840     140.44579
      -4.99840     141.09152
      -4.96840     141.78869
      -4.93740     142.49823
      -4.90740     143.18092
      -4.87740     143.83314
      -4.84740     144.49532
      -4.81740     145.20290
      -4.78740     145.93446
      -4.75640     146.66345
      -4.72640     147.43061
      -4.69640     148.27847
      -4.66640     149.12256
      -4.63640     149.79469
      -4.60640     150.23166
      -4.57540     150.51776
      -4.54540     150.76849
      -4.51540     151.06815
      -4.48540     151.45881
      -4.45540     151.90167
      -4.42540     152.32176
      -4.39440     152.72012
      -4.36440     153.13869
      -4.33440     153.57039
      -4.30440     153.98308
      -4.27440     154.36138
      -4.24440     154.71102
      -4.21340     155.05010
      -4.18340     155.38421
      -4.15340     155.70232
      -4.12340     156.00407
      -4.09340     156.31713
      -4.06240     156.69890
      -4.03240     157.21778
      -4.00240     157.93170
      -3.97240     158.85995
      -3.94240     159.90239
      -3.91240     160.87182
      -3.88140     161.66703
      -3.85140     162.31443
      -3.82140     162.88429
      -3.79140     163.43470
      -3.76140     164.00516
      -3.73140     164.62646
      -3.70040     165.31036
      -3.67040     166.04629
      -3.64040     166.80003
      -3.61040     167.51168
      -3.58040     168.12619
      -3.55040     168.61249
      -3.51940     168.97782
      -3.48940     169.27919
      -3.45940     169.58237
      -3.42940     169.94348
      -3.39940     170.43792
      -3.36940     171.11473
      -3.33840     171.90919
      -3.30840     172.68872
      -3.27840     173.38619
      -3.24840     174.02197
      -3.21840     174.62562
      -3.18840     175.21720
      -3.15740     175.84921
      -3.12740     176.57504
      -3.09740     177.33330
      -3.06740     177.95927
      -3.03740     178.37921
      -3.00740     178.67052
      -2.97640     178.92536
      -2.94640     179.18323
      -2.91640     179.45333
      -2.88640     179.71838
      -2.85640     179.95048
      -2.82640     180.15572
      -2.79540     180.36376
      -2.76540     180.58265
      -2.73540     180.80965
      -2.70540     181.05108
      -2.67540     181.29727
      -2.64540     181.51694
      -2.61440     181.70968
      -2.58440     181.93675
      -2.55440     182.26094
      -2.52440     182.65041
      -2.49440     183.00276
      -2.46440     183.29610
      -2.43340     183.61658
      -2.40340     184.01283
      -2.37340     184.42280
      -2.34340     184.75973
      -2.31340     185.00140
      -2.28340     185.18014
      -2.25240     185.33261
      -2.22240     185.47861
      -2.19240     185.62706
      -2.16240     185.78452
      -2.13240     185.95459
      -2.10240     186.13206
      -2.07140     186.30261
      -2.04140     186.44555
      -2.01140     186.54356
      -1.98140     186.60200
      -1.95140     186.65017
      -1.92140     186.73132
      -1.89040     186.88809
      -1.86040     187.12260
      -1.83040     187.38453
      -1.80040     187.61552
      -1.77040     187.78473
      -1.74040     187.89561
      -1.70940     187.98296
      -1.67940     188.09114
      -1.64940     188.23092
      -1.61940     188.37268
      -1.58940     188.49327
      -1.55940     188.59665
      -1.52840     188.69352
      -1.49840     188.78962
      -1.46840     188.88911
      -1.43840     189.00312
      -1.40840     189.15848
      -1.37840     189.38537
      -1.34740     189.68561
      -1.31740     190.02605
      -1.28740     190.35427
      -1.25740     190.61967
      -1.22740     190.80861
      -1.19740     190.95021
      -1.16640     191.08146
      -1.13640     191.22836
      -1.10640     191.41040
      -1.07640     191.62934
      -1.04640     191.86160
      -1.01640     192.12035
      -0.98540     192.48231
      -0.95540     192.96243
      -0.92540     193.46049
      -0.89540     193.89762
      -0.86540     194.29478
      -0.83540     194.69676
      -0.80440     195.09633
      -0.77440     195.46437
      -0.74440     195.80873
      -0.71440     196.14480
      -0.68440     196.44570
      -0.65440     196.67383
      -0.62340     196.82874
      -0.59340     196.93841
      -0.56340     197.02786
      -0.53340     197.10893
      -0.50340     197.18601
      -0.47340     197.26099
      -0.44240     197.33511
      -0.41240     197.40966
      -0.38240     197.48654
      -0.35240     197.56778
      -0.32240     197.65125
      -0.29240     197.72901
      -0.26140     197.79889
      -0.23140     197.87662
      -0.20140     197.99249
      -0.17140     198.18143
      -0.14140     198.46024
      -0.11140     198.79766
      -0.08040     199.13177
      -0.05040     199.42496
      -0.02040     199.68683
       0.00960     199.95407
       0.03960     200.24977
       0.06960     200.55342
       0.10060     200.82861
       0.13060     201.07424
       0.16060     201.31594
       0.19060     201.56204
       0.22060     201.78058
       0.25060     201.92300
       0.28160     201.98270
       0.31160     201.99738
       0.34160     201.99937
       0.37160     201.99952
       0.40160     201.99952
       0.43160     201.99952
       0.46260     201.99952
       0.49260     201.99952
       0.52260     201.99952
       0.55260     201.99952
       0.58260     201.99952
       0.61260     201.99952
       0.64360     201.99952
       0.67360     201.99952
       0.70360     201.99952
       0.73360     201.99952
       0.76360     201.99952
       0.79360     201.99952
       0.82460     201.99952
       0.85460     201.99952
       0.88460     201.99952
       0.91460     201.99952
       0.94460     201.99952
       0.97460     201.99952
       1.00560     201.99952
       1.03560     201.99952
       1.06560     201.99952
       1.09560     201.99952
       1.12560     201.99959
       1.15560     202.00053
       1.18660     202.00794
       1.21660     202.04172
       1.24660     202.13739
       1.27660     202.32372
       1.30660     202.60920
       1.33660     202.99640
       1.36760     203.46459
       1.39760     203.94275
       1.42760     204.36781
       1.45760     204.74747
       1.48760     205.12139
       1.51760     205.49894
       1.54860     205.85853
       1.57860     206.16941
       1.60860     206.40588
       1.63860     206.57218
       1.66860     206.69965
       1.69860     206.82160
       1.72960     206.97514
       1.75960     207.20424
       1.78960     207.53280
       1.81960     207.94790
       1.84960     208.39695
       1.87960     208.79335
       1.91060     209.08092
       1.94060     209.27916
       1.97060     209.44676
       2.00060     209.62962
       2.03060     209.82234
       2.06060     209.98538
       2.09160     210.10500
       2.12160     210.19909
       2.15160     210.28406
       2.18160     210.36578
       2.21160     210.44587
       2.24260     210.52506
       2.27260     210.60398
       2.30260     210.68365
       2.33260     210.76642
       2.36260     210.85534
       2.39260     210.95061
       2.42360     211.04951
       2.45360     211.14994
       2.48360     211.24616
       2.51360     211.32762
       2.54360     211.39128
       2.57360     211.44482
       2.60460     211.49689
       2.63460     211.55551
       2.66460     211.63541
       2.69460     211.75293
       2.72460     211.90708
       2.75460     212.08483
       2.78560     212.27871
       2.81560     212.46981
       2.84560     212.62691
       2.87560     212.74269
       2.90560     212.83064
       2.93560     212.90383
       2.96660     212.98451
       2.99660     213.09916
       3.02660     213.24904
       3.05660     213.41464
       3.08660     213.59436
       3.11660     213.81938
       3.14760     214.11386
       3.17760     214.43846
       3.20760     214.72709
       3.23760     214.98255
       3.26760     215.26041
       3.29760     215.55983
       3.32860     215.80001
       3.35860     215.92688
       3.38860     215.97023
       3.41860     215.98214
       3.44860     216.00008
       3.47860     216.08352
       3.50960     216.33024
       3.53960     216.77808
       3.56960     217.33225
       3.59960     217.89910
       3.62960     218.47967
       3.65960     219.04742
       3.69060     219.50959
       3.72060     219.83286
       3.75060     220.06006
       3.78060     220.22841
       3.81060     220.35633
       3.84060     220.45931
       3.87160     220.54791
       3.90160     220.62746
       3.93160     220.70252
       3.96160     220.78688
       3.99160     220.92045
       4.02160     221.15719
       4.05260     221.49769
       4.08260     221.86467
       4.11260     222.18238
       4.14260     222.43301
       4.17260     222.63150
       4.20260     222.79578
       4.23360     222.94020
       4.26360     223.07376
       4.29360     223.20022
       4.32360     223.32126
       4.35360     223.43893
       4.38360     223.55452
       4.41460     223.66712
       4.44460     223.77717
       4.47460     223.88739
       4.50460     223.99809
       4.53460     224.10642
       4.56460     224.21003
       4.59560     224.31635
       4.62560     224.45728
       4.65560     224.67912
       4.68560     224.99446
       4.71560     225.35662
       4.74560     225.69977
       4.77660     225.99265
       4.80660     226.24537
       4.83660     226.47805
       4.86660     226.69458
       4.89660     226.89107
       4.92660     227.08380
       4.95760     227.30658
       4.98760     227.57525
       5.01760     227.87388
       5.04760     228.17918
       5.07760     228.47627
       5.10760     228.75553
       5.13860     229.01445
       5.16860     229.25606
       5.19860     229.48188
       5.22860     229.69737
       5.25860     229.92055
       5.28860     230.17269
       5.31960     230.45557
       5.34960     230.75027
       5.37960     231.04445
       5.40960     231.33708
       5.43960     231.62329
       5.46960     231.90245
       5.50060     232.18793
       5.53060     232.49518
       5.56060     232.83350
       5.59060     233.20411
       5.62060     233.59448
       5.65060     233.98575
       5.68160     234.36345
       5.71160     234.72033
       5.74160     235.05368
       5.77160     235.36072
       5.80160     235.64006
       5.83160     235.88997
       5.86260     236.11339
       5.89260     236.33522
       5.92260     236.58679
       5.95260     236.86243
       5.98260     237.12710
       6.01260     237.36007
       6.04360     237.56265
       6.07360     237.75023
       6.10360     237.94790
       6.13360     238.17109
       6.16360     238.41156
       6.19360     238.65275
       6.22460     238.89059
       6.25460     239.13146
       6.28460     239.38067
       6.31460     239.63468
       6.34460     239.88776
       6.37460     240.14709
       6.40560     240.42649
       6.43560     240.73629
       6.46560     241.09121
       6.49560     241.50602
       6.52560     241.96954
       6.55560     242.44076
       6.58660     242.87954
       6.61660     243.27066
       6.64660     243.62196
       6.67660     243.94656
       6.70660     244.25320
       6.73660     244.55168
       6.76760     244.85711
       6.79760     245.18744
       6.82760     245.54583
       6.85760     245.90724
       6.88760     246.24089
       6.91760     246.53600
       6.94860     246.79784
       6.97860     247.03387
       7.00860     247.24669
       7.03860     247.43858
       7.06860     247.61903
       7.09860     247.79592
       7.12960     247.96658
       7.15960     248.12921
       7.18960     248.28640
       7.21960     248.44119
       7.24960     248.60190
       7.27960     248.77113
       7.31060     248.93638
       7.34060     249.08920
       7.37060     249.23711
       7.40060     249.38580
       7.43060     249.52851
       7.46060     249.66043
       7.49160     249.78442
       7.52160     249.90553
       7.55160     250.03030
       7.58160     250.16367
       7.61160     250.30810
       7.64160     250.46063
       7.67260     250.61048
       7.70260     250.75037
       7.73260     250.88538
       7.76260     251.02314
       7.79260     251.15707
       7.82260     251.27228
       7.85360     251.36467
       7.88360     251.44244
       7.91360     251.51499
       7.94360     251.58368
       7.97360     251.64342
       8.00360     251.69135
       8.03460     251.73114
       8.06460     251.77095
       8.09460     251.81551
       8.12460     251.86065
       8.15460     251.89779
       8.18460     251.92339
       8.21560     251.94165
       8.24560     251.95739
       8.27560     251.97081
       8.30560     251.97991
       8.33560     251.98568
       8.36560     251.99101
       8.39660     251.99592
       8.42660     251.99879
       8.45660     251.99973
       8.48660     251.99989
       8.51660     251.99991
       8.54760     251.99991
       8.57760     251.99991
       8.60760     251.99991
       8.63760     251.99991
       8.66760     251.99991
       8.69760     251.99991
       8.72860     251.99991
       8.75860     251.99991
       8.78860     251.99991
       8.81860     251.99991
       8.84860     251.99991
       8.87860     251.99991
       8.90960     251.99991
       8.93960     251.99991
       8.96960     251.99991
       8.99960     251.99991
       9.02960     251.99991
       9.05960     251.99991
       9.09060     251.99991
       9.12060     251.99991
       9.15060     251.99991
       9.18060     251.99991
       9.21060     251.99991
       9.24060     251.99991
       9.27160     251.99991
       9.30160     251.99991
       9.33160     251.99991
       9.36160     251.99991
       9.39160     251.99991
       9.42160     251.99991
       9.45260     251.99991
       9.48260     251.99991
       9.51260     251.99991
       9.54260     251.99991
       9.57260     251.99991
       9.60260     251.99991
       9.63360     251.99991
       9.66360     251.99991
       9.69360     251.99991
       9.72360     251.99991
