     273       0       24.3500400000      (a')
     272       0       24.3123900000      (a')
     271       0       24.2957500000      (a')
     270       0       24.2216700000      (a')
     269       0       24.2044700000      (a')
     268       0       24.1269100000      (a')
     267       0       24.1200600000      (a')
     266       0       23.9588300000      (a')
     265       0       23.9501800000      (a')
     264       0       23.6622700000      (a')
     263       0        4.9692700000      (a')
     262       0        4.7941800000      (a')
     261       0        4.4914500000      (a')
     260       0        4.3406900000      (a')
     259       0        4.2269100000      (a')
     258       0        4.1840900000      (a')
     257       0        4.1694200000      (a')
     256       0        4.0875400000      (a')
     255       0        4.0775500000      (a')
     254       0        3.8095000000      (a')
     253       0        3.7397500000      (a')
     252       0        3.6400000000      (a')
     251       0        3.6112800000      (a')
     250       0        3.6001900000      (a')
     249       0        3.5566500000      (a')
     248       0        3.5529300000      (a')
     247       0        3.4790600000      (a')
     246       0        3.4036400000      (a')
     245       0        3.4015500000      (a')
     244       0        3.3994100000      (a')
     243       0        3.3694200000      (a')
     242       0        3.2992400000      (a')
     241       0        3.2275200000      (a')
     240       0        3.1984400000      (a')
     239       0        3.1350000000      (a")
     238       0        3.1266400000      (a")
     237       0        3.0855000000      (a")
     236       0        3.0472700000      (a")
     235       0        2.9902100000      (a")
     234       0        2.9521300000      (a')
     233       0        2.9350700000      (a")
     232       0        2.9212200000      (a")
     231       0        2.8873100000      (a")
     230       0        2.8847100000      (a')
     229       0        2.8733100000      (a')
     228       0        2.8719500000      (a')
     227       0        2.8372400000      (a')
     226       0        2.8274500000      (a')
     225       0        2.8219300000      (a')
     224       0        2.8188100000      (a')
     223       0        2.8136400000      (a")
     222       0        2.8061200000      (a')
     221       0        2.7902600000      (a')
     220       0        2.7733500000      (a')
     219       0        2.7407100000      (a')
     218       0        2.7379800000      (a')
     217       0        2.7369900000      (a")
     216       0        2.7143200000      (a')
     215       0        2.6306800000      (a')
     214       0        2.6217900000      (a')
     213       0        2.5999900000      (a')
     212       0        2.5885000000      (a')
     211       0        2.5509800000      (a")
     210       0        2.5263400000      (a')
     209       0        2.5234000000      (a')
     208       0        2.5119600000      (a')
     207       0        2.3906800000      (a")
     206       0        2.3701300000      (a")
     205       0        2.3423500000      (a')
     204       0        2.3171800000      (a')
     203       0        2.2964500000      (a")
     202       0        2.2397000000      (a')
     201       0        2.2200900000      (a')
     200       0        2.2067800000      (a")
     199       0        2.1162500000      (a')
     198       0        2.1136000000      (a')
     197       0        2.1119800000      (a")
     196       0        2.0935200000      (a")
     195       0        2.0672400000      (a')
     194       0        2.0647300000      (a')
     193       0        2.0446400000      (a')
     192       0        2.0293600000      (a')
     191       0        2.0226500000      (a")
     190       0        2.0169900000      (a')
     189       0        2.0062600000      (a')
     188       0        1.9859700000      (a')
     187       0        1.9606800000      (a")
     186       0        1.9309300000      (a')
     185       0        1.9062300000      (a')
     184       0        1.8851300000      (a")
     183       0        1.8819500000      (a")
     182       0        1.8354000000      (a")
     181       0        1.8316600000      (a')
     180       0        1.8233500000      (a')
     179       0        1.8173600000      (a")
     178       0        1.8014900000      (a')
     177       0        1.7782100000      (a")
     176       0        1.7743100000      (a')
     175       0        1.7425800000      (a')
     174       0        1.7218300000      (a')
     173       0        1.6965500000      (a")
     172       0        1.6770300000      (a")
     171       0        1.6765300000      (a')
     170       0        1.6619000000      (a')
     169       0        1.6366400000      (a")
     168       0        1.6354400000      (a')
     167       0        1.6168000000      (a')
     166       0        1.6006200000      (a")
     165       0        1.5986500000      (a')
     164       0        1.5625000000      (a")
     163       0        1.5274600000      (a')
     162       0        1.5272000000      (a')
     161       0        1.4199300000      (a')
     160       0        1.3115900000      (a')
     159       0        1.2801400000      (a')
     158       0        1.2509300000      (a')
     157       0        1.2360100000      (a")
     156       0        1.2260100000      (a")
     155       0        1.2169800000      (a')
     154       0        1.2031700000      (a")
     153       0        1.1869800000      (a")
     152       0        1.1567300000      (a')
     151       0        1.1287000000      (a")
     150       0        1.1250400000      (a')
     149       0        1.1244700000      (a")
     148       0        1.1047900000      (a")
     147       0        1.0864300000      (a')
     146       0        1.0703000000      (a")
     145       0        1.0682800000      (a')
     144       0        1.0235400000      (a')
     143       0        1.0196100000      (a")
     142       0        1.0132500000      (a')
     141       0        1.0110400000      (a')
     140       0        1.0060000000      (a')
     139       0        0.9994600000      (a')
     138       0        0.9585200000      (a')
     137       0        0.9569800000      (a')
     136       0        0.9464000000      (a')
     135       0        0.9427400000      (a')
     134       0        0.9189900000      (a')
     133       0        0.9092900000      (a')
     132       0        0.9035100000      (a')
     131       0        0.8704000000      (a')
     130       0        0.8652200000      (a')
     129       0        0.8480900000      (a')
     128       0        0.8411300000      (a')
     127       0        0.8410000000      (a')
     126       0        0.8234700000      (a')
     125       0        0.8111700000      (a')
     124       0        0.8028400000      (a')
     123       0        0.7925400000      (a")
     122       0        0.7887700000      (a')
     121       0        0.7618900000      (a")
     120       0        0.7261900000      (a")
     119       0        0.7137800000      (a')
     118       0        0.7125700000      (a")
     117       0        0.7074300000      (a")
     116       0        0.6856300000      (a')
     115       0        0.6781700000      (a')
     114       0        0.6697000000      (a")
     113       0        0.6632700000      (a')
     112       0        0.6628600000      (a")
     111       0        0.6496700000      (a')
     110       0        0.6482600000      (a')
     109       0        0.6439100000      (a")
     108       0        0.6411100000      (a')
     107       0        0.6332600000      (a")
     106       0        0.6207700000      (a')
     105       0        0.6200900000      (a')
     104       0        0.5948000000      (a')
     103       0        0.5917500000      (a")
     102       0        0.5559200000      (a')
     101       0        0.5340900000      (a')
     100       0        0.5128200000      (a')
      99       0        0.5115000000      (a')
      98       0        0.4809500000      (a')
      97       0        0.4645400000      (a')
      96       0        0.4229800000      (a')
      95       0        0.4063300000      (a')
      94       0        0.4006600000      (a')
      93       0        0.3949700000      (a')
      92       0        0.3825700000      (a')
      91       0        0.3748600000      (a')
      90       0        0.3681700000      (a')
      89       0        0.3666500000      (a')
      88       0        0.3564100000      (a')
      87       0        0.3506200000      (a')
      86       0        0.3421800000      (a')
      85       0        0.3289100000      (a')
      84       0        0.3271700000      (a')
      83       0        0.3195700000      (a')
      82       0        0.3147300000      (a')
      81       0        0.3109700000      (a')
      80       0        0.2999700000      (a')
      79       0        0.2978900000      (a')
      78       0        0.2909600000      (a')
      77       0        0.2902600000      (a')
      76       0        0.2719000000      (a')
      75       0        0.2665900000      (a")
      74       0        0.2603100000      (a')
      73       0        0.2589600000      (a")
      72       0        0.2484800000      (a')
      71       0        0.2397700000      (a')
      70       0        0.2388700000      (a")
      69       0        0.2371700000      (a")
      68       0        0.2353700000      (a')
      67       0        0.2297400000      (a')
      66       0        0.2175500000      (a')
      65       0        0.2171300000      (a')
      64       0        0.2138800000      (a")
      63       0        0.2044200000      (a")
      62       0        0.1922300000      (a')
      61       0        0.1821200000      (a')
      60       0        0.1815100000      (a")
      59       0        0.1808900000      (a')
      58       0        0.1777000000      (a')
      57       0        0.1727000000      (a")
      56       0        0.1702700000      (a')
      55       0        0.1688600000      (a')
      54       0        0.1629600000      (a")
      53       0        0.1560200000      (a')
      52       0        0.1555600000      (a')
      51       0        0.1505600000      (a')
      50       0        0.1488700000      (a')
      49       0        0.1364200000      (a")
      48       0        0.1322300000      (a")
      47       0        0.1251500000      (a")
      46       0        0.1195400000      (a')
      45       0        0.1128400000      (a')
      44       0        0.1060200000      (a")
      43       0        0.0876700000      (a')
      42       0        0.0834100000      (a')
      41       0        0.0640300000      (a')
      40       0        0.0624600000      (a')
      39       0        0.0492500000      (a')
      38       0        0.0465200000      (a')
      37       0        0.0378100000      (a')
      36       0        0.0122900000      (a")
      35       0       -0.0197300000      (a")
      34       2       -0.2692200000      (a")
      33       2       -0.3083400000      (a")
      32       2       -0.3904000000      (a")
      31       2       -0.4183600000      (a')
      30       2       -0.4241800000      (a")
      29       2       -0.4452400000      (a')
      28       2       -0.4609100000      (a')
      27       2       -0.4625600000      (a')
      26       2       -0.4822100000      (a')
      25       2       -0.4860300000      (a")
      24       2       -0.4981900000      (a')
      23       2       -0.5457200000      (a')
      22       2       -0.5473100000      (a')
      21       2       -0.5899900000      (a')
      20       2       -0.6110900000      (a')
      19       2       -0.6448000000      (a')
      18       2       -0.6494200000      (a')
      17       2       -0.7186700000      (a')
      16       2       -0.7491500000      (a')
      15       2       -0.8082800000      (a')
      14       2       -0.8432100000      (a')
      13       2       -0.8961000000      (a')
      12       2       -0.9332200000      (a')
      11       2       -0.9848200000      (a')
      10       2      -10.2721800000      (a')
       9       2      -10.2722400000      (a')
       8       2      -10.2854900000      (a')
       7       2      -10.2992200000      (a')
       6       2      -10.2995100000      (a')
       5       2      -10.3006700000      (a')
       4       2      -10.3007100000      (a')
       3       2      -10.3117500000      (a')
       2       2      -10.3140700000      (a')
       1       2      -10.3141400000      (a')
