    1174       0       24.3682800000      (ag)
    1173       0       24.3591700000      (bu)
    1172       0       24.3591600000      (bu)
    1171       0       24.3489900000      (ag)
    1170       0       24.3489700000      (ag)
    1169       0       24.3387500000      (bu)
    1168       0       24.3313300000      (bu)
    1167       0       24.3179500000      (ag)
    1166       0       24.3179400000      (ag)
    1165       0       24.3139400000      (bu)
    1164       0       24.3139300000      (bu)
    1163       0       24.3081900000      (ag)
    1162       0       24.2711400000      (bu)
    1161       0       24.2640300000      (ag)
    1160       0       24.2639600000      (ag)
    1159       0       24.2483200000      (bu)
    1158       0       24.2482600000      (bu)
    1157       0       24.2453900000      (ag)
    1156       0       24.1834200000      (ag)
    1155       0       24.1661300000      (bu)
    1154       0       24.1660900000      (bu)
    1153       0       24.1478100000      (bu)
    1152       0       24.1461900000      (ag)
    1151       0       24.1461400000      (ag)
    1150       0       24.1396500000      (ag)
    1149       0       24.1329500000      (bu)
    1148       0       24.1329200000      (bu)
    1147       0       24.1199400000      (ag)
    1146       0       24.1199000000      (ag)
    1145       0       24.1071500000      (bu)
    1144       0       24.0653700000      (ag)
    1143       0       24.0495500000      (bu)
    1142       0       24.0495500000      (bu)
    1141       0       24.0411900000      (bu)
    1140       0       24.0247400000      (ag)
    1139       0       24.0247300000      (ag)
    1138       0       23.9877200000      (ag)
    1137       0       23.9877100000      (ag)
    1136       0       23.9649600000      (bu)
    1135       0       23.9649400000      (bu)
    1134       0       23.9482200000      (bu)
    1133       0       23.9468400000      (ag)
    1132       0       23.9310400000      (bu)
    1131       0       23.8356200000      (ag)
    1130       0       23.8356100000      (ag)
    1129       0       23.6801900000      (bu)
    1128       0       23.6801900000      (bu)
    1127       0       23.5444200000      (ag)
    1126       0        5.0702100000      (ag)
    1125       0        5.0080200000      (bu)
    1124       0        5.0079900000      (bu)
    1123       0        4.9817400000      (ag)
    1122       0        4.9817200000      (ag)
    1121       0        4.9526900000      (bu)
    1120       0        4.9421000000      (ag)
    1119       0        4.8637700000      (bu)
    1118       0        4.8546500000      (ag)
    1117       0        4.8546400000      (ag)
    1116       0        4.8523700000      (ag)
    1115       0        4.8466900000      (bu)
    1114       0        4.8466800000      (bu)
    1113       0        4.7588000000      (bu)
    1112       0        4.7587900000      (bu)
    1111       0        4.5520200000      (ag)
    1110       0        4.5520100000      (ag)
    1109       0        4.5160500000      (bu)
    1108       0        4.4396100000      (bu)
    1107       0        4.4097300000      (ag)
    1106       0        4.4097100000      (ag)
    1105       0        4.3831300000      (bu)
    1104       0        4.3688400000      (bu)
    1103       0        4.3688300000      (bu)
    1102       0        4.3518800000      (ag)
    1101       0        4.3505900000      (ag)
    1100       0        4.3505800000      (ag)
    1099       0        4.2835900000      (bu)
    1098       0        4.2835800000      (bu)
    1097       0        4.2119900000      (ag)
    1096       0        4.1859100000      (ag)
    1095       0        4.1725800000      (bu)
    1094       0        4.1715100000      (bu)
    1093       0        4.1715000000      (bu)
    1092       0        4.1701900000      (ag)
    1091       0        4.1701900000      (ag)
    1090       0        3.9642800000      (ag)
    1089       0        3.9642500000      (ag)
    1088       0        3.9417300000      (bu)
    1087       0        3.9417200000      (bu)
    1086       0        3.9224600000      (bu)
    1085       0        3.8646300000      (ag)
    1084       0        3.8568200000      (ag)
    1083       0        3.8306500000      (bu)
    1082       0        3.8125300000      (ag)
    1081       0        3.8125100000      (ag)
    1080       0        3.7925300000      (bu)
    1079       0        3.7925100000      (bu)
    1078       0        3.7756700000      (bu)
    1077       0        3.7756600000      (bu)
    1076       0        3.7689100000      (ag)
    1075       0        3.7689100000      (ag)
    1074       0        3.7655100000      (bu)
    1073       0        3.7584400000      (ag)
    1072       0        3.7332400000      (ag)
    1071       0        3.7145200000      (bu)
    1070       0        3.7145100000      (bu)
    1069       0        3.7131500000      (bu)
    1068       0        3.7127900000      (ag)
    1067       0        3.7127700000      (ag)
    1066       0        3.6632300000      (bu)
    1065       0        3.6632200000      (bu)
    1064       0        3.6536800000      (ag)
    1063       0        3.6536600000      (ag)
    1062       0        3.6528000000      (ag)
    1061       0        3.6489000000      (bu)
    1060       0        3.6241600000      (bu)
    1059       0        3.6183700000      (ag)
    1058       0        3.6183700000      (ag)
    1057       0        3.6059300000      (bu)
    1056       0        3.6059300000      (bu)
    1055       0        3.5984900000      (ag)
    1054       0        3.5414300000      (ag)
    1053       0        3.5076500000      (ag)
    1052       0        3.5064000000      (ag)
    1051       0        3.5063900000      (ag)
    1050       0        3.4906800000      (bu)
    1049       0        3.4906700000      (bu)
    1048       0        3.4896700000      (bu)
    1047       0        3.4603600000      (bu)
    1046       0        3.4603500000      (bu)
    1045       0        3.4547700000      (bu)
    1044       0        3.4514900000      (bu)
    1043       0        3.4514800000      (bu)
    1042       0        3.4339400000      (ag)
    1041       0        3.4282900000      (ag)
    1040       0        3.4282800000      (ag)
    1039       0        3.4257700000      (ag)
    1038       0        3.4257500000      (ag)
    1037       0        3.4201400000      (bu)
    1036       0        3.4089100000      (bu)
    1035       0        3.4088900000      (bu)
    1034       0        3.4055300000      (ag)
    1033       0        3.4055300000      (ag)
    1032       0        3.4051100000      (bu)
    1031       0        3.3692400000      (ag)
    1030       0        3.3614100000      (bu)
    1029       0        3.3517700000      (ag)
    1028       0        3.3384000000      (ag)
    1027       0        3.3384000000      (ag)
    1026       0        3.3383600000      (bu)
    1025       0        3.3383500000      (bu)
    1024       0        3.2762200000      (bu)
    1023       0        3.2473900000      (ag)
    1022       0        3.2473800000      (ag)
    1021       0        3.2154200000      (ag)
    1020       0        3.2120100000      (bu)
    1019       0        3.2120100000      (bu)
    1018       0        3.2088300000      (au)
    1017       0        3.1962500000      (bu)
    1016       0        3.1846400000      (ag)
    1015       0        3.1846300000      (ag)
    1014       0        3.1843400000      (ag)
    1013       0        3.1838900000      (bg)
    1012       0        3.1838900000      (bg)
    1011       0        3.1675600000      (au)
    1010       0        3.1675500000      (au)
    1009       0        3.1541800000      (bg)
    1008       0        3.1486900000      (bg)
    1007       0        3.1486900000      (bg)
    1006       0        3.1444700000      (au)
    1005       0        3.1415800000      (bu)
    1004       0        3.1415400000      (bu)
    1003       0        3.1413700000      (bu)
    1002       0        3.1407700000      (bg)
    1001       0        3.1258600000      (au)
    1000       0        3.1223800000      (au)
     999       0        3.1223800000      (au)
     998       0        3.1166000000      (au)
     997       0        3.1166000000      (au)
     996       0        3.1011400000      (bu)
     995       0        3.1011200000      (bu)
     994       0        3.1000000000      (bg)
     993       0        3.1000000000      (bg)
     992       0        3.0808000000      (bg)
     991       0        3.0704900000      (bg)
     990       0        3.0560300000      (ag)
     989       0        3.0560000000      (ag)
     988       0        3.0541600000      (bg)
     987       0        3.0541600000      (bg)
     986       0        3.0384300000      (au)
     985       0        3.0384200000      (au)
     984       0        3.0327800000      (au)
     983       0        3.0163500000      (ag)
     982       0        3.0106300000      (au)
     981       0        3.0106300000      (au)
     980       0        2.9895800000      (ag)
     979       0        2.9895500000      (ag)
     978       0        2.9881500000      (bg)
     977       0        2.9881400000      (bg)
     976       0        2.9858300000      (bg)
     975       0        2.9775000000      (au)
     974       0        2.9610100000      (bu)
     973       0        2.9450600000      (ag)
     972       0        2.9260400000      (bu)
     971       0        2.9260000000      (bu)
     970       0        2.9259900000      (bg)
     969       0        2.9234400000      (bu)
     968       0        2.9189800000      (ag)
     967       0        2.9189800000      (ag)
     966       0        2.9088100000      (ag)
     965       0        2.9074700000      (au)
     964       0        2.9063400000      (au)
     963       0        2.9063400000      (au)
     962       0        2.9001200000      (bu)
     961       0        2.9001100000      (bu)
     960       0        2.8961900000      (bg)
     959       0        2.8961800000      (bg)
     958       0        2.8911400000      (bu)
     957       0        2.8911400000      (bu)
     956       0        2.8864700000      (bu)
     955       0        2.8841100000      (ag)
     954       0        2.8801500000      (ag)
     953       0        2.8801500000      (ag)
     952       0        2.8691500000      (ag)
     951       0        2.8691400000      (ag)
     950       0        2.8622900000      (bu)
     949       0        2.8607900000      (bu)
     948       0        2.8607800000      (bu)
     947       0        2.8568700000      (bg)
     946       0        2.8568700000      (bg)
     945       0        2.8450700000      (ag)
     944       0        2.8417000000      (au)
     943       0        2.8417000000      (au)
     942       0        2.8392700000      (au)
     941       0        2.8351300000      (bu)
     940       0        2.8342700000      (bu)
     939       0        2.8299900000      (ag)
     938       0        2.8299800000      (ag)
     937       0        2.8267700000      (ag)
     936       0        2.8153200000      (bg)
     935       0        2.8123400000      (bu)
     934       0        2.8123400000      (bu)
     933       0        2.8082200000      (ag)
     932       0        2.8082100000      (ag)
     931       0        2.7961700000      (ag)
     930       0        2.7933800000      (bu)
     929       0        2.7933700000      (bu)
     928       0        2.7902500000      (bu)
     927       0        2.7688700000      (ag)
     926       0        2.7687900000      (ag)
     925       0        2.7603200000      (bg)
     924       0        2.7430000000      (au)
     923       0        2.7430000000      (au)
     922       0        2.7424600000      (bu)
     921       0        2.7424300000      (bu)
     920       0        2.7335000000      (ag)
     919       0        2.7334900000      (ag)
     918       0        2.7268500000      (bg)
     917       0        2.7268500000      (bg)
     916       0        2.7248700000      (bu)
     915       0        2.7180100000      (au)
     914       0        2.7039900000      (ag)
     913       0        2.7015000000      (bu)
     912       0        2.7014500000      (bu)
     911       0        2.6970000000      (ag)
     910       0        2.6554200000      (bu)
     909       0        2.6368300000      (ag)
     908       0        2.6368200000      (ag)
     907       0        2.6248900000      (au)
     906       0        2.6151500000      (bu)
     905       0        2.6151500000      (bu)
     904       0        2.6080100000      (ag)
     903       0        2.5989500000      (bu)
     902       0        2.5977400000      (ag)
     901       0        2.5977400000      (ag)
     900       0        2.5922700000      (bu)
     899       0        2.5922600000      (bu)
     898       0        2.5886500000      (bg)
     897       0        2.5886400000      (bg)
     896       0        2.5789300000      (ag)
     895       0        2.5419000000      (au)
     894       0        2.5418900000      (au)
     893       0        2.5330700000      (bg)
     892       0        2.5118900000      (ag)
     891       0        2.5118700000      (ag)
     890       0        2.5052100000      (bu)
     889       0        2.4977200000      (bu)
     888       0        2.4977000000      (bu)
     887       0        2.4881200000      (ag)
     886       0        2.4766800000      (bu)
     885       0        2.4570400000      (ag)
     884       0        2.4570200000      (ag)
     883       0        2.4498800000      (bg)
     882       0        2.4377800000      (ag)
     881       0        2.4116700000      (au)
     880       0        2.4116700000      (au)
     879       0        2.4057100000      (bu)
     878       0        2.4057000000      (bu)
     877       0        2.3992900000      (ag)
     876       0        2.3992800000      (ag)
     875       0        2.3953200000      (ag)
     874       0        2.3912900000      (bu)
     873       0        2.3817400000      (bu)
     872       0        2.3817400000      (bu)
     871       0        2.3805100000      (bg)
     870       0        2.3805100000      (bg)
     869       0        2.3669800000      (au)
     868       0        2.3618000000      (bu)
     867       0        2.3617800000      (bu)
     866       0        2.3502600000      (bu)
     865       0        2.3351200000      (ag)
     864       0        2.3269700000      (ag)
     863       0        2.3269700000      (ag)
     862       0        2.3184100000      (au)
     861       0        2.3184100000      (au)
     860       0        2.3110900000      (bu)
     859       0        2.3110700000      (bu)
     858       0        2.3091600000      (ag)
     857       0        2.3057900000      (bg)
     856       0        2.3057900000      (bg)
     855       0        2.2967800000      (au)
     854       0        2.2880300000      (ag)
     853       0        2.2880100000      (ag)
     852       0        2.2743900000      (bu)
     851       0        2.2661700000      (bg)
     850       0        2.2558400000      (ag)
     849       0        2.2555600000      (bu)
     848       0        2.2387000000      (bu)
     847       0        2.2387000000      (bu)
     846       0        2.2305400000      (ag)
     845       0        2.2305200000      (ag)
     844       0        2.2017600000      (bg)
     843       0        2.2014700000      (bu)
     842       0        2.2014600000      (bu)
     841       0        2.1921800000      (ag)
     840       0        2.1901300000      (ag)
     839       0        2.1901200000      (ag)
     838       0        2.1846000000      (bu)
     837       0        2.1797500000      (bu)
     836       0        2.1741300000      (au)
     835       0        2.1741300000      (au)
     834       0        2.1737100000      (au)
     833       0        2.1643800000      (bu)
     832       0        2.1643700000      (bu)
     831       0        2.1636900000      (ag)
     830       0        2.1636800000      (ag)
     829       0        2.1586300000      (ag)
     828       0        2.1503700000      (bg)
     827       0        2.1503500000      (bg)
     826       0        2.1358500000      (bg)
     825       0        2.1358500000      (bg)
     824       0        2.1181000000      (bu)
     823       0        2.1180800000      (bu)
     822       0        2.1099100000      (ag)
     821       0        2.0978500000      (ag)
     820       0        2.0978400000      (ag)
     819       0        2.0960100000      (ag)
     818       0        2.0897700000      (bu)
     817       0        2.0822100000      (au)
     816       0        2.0822000000      (au)
     815       0        2.0787100000      (bu)
     814       0        2.0758700000      (ag)
     813       0        2.0758700000      (ag)
     812       0        2.0694900000      (bu)
     811       0        2.0694800000      (bu)
     810       0        2.0653600000      (bg)
     809       0        2.0559400000      (au)
     808       0        2.0559400000      (au)
     807       0        2.0555000000      (bg)
     806       0        2.0531500000      (au)
     805       0        2.0490800000      (au)
     804       0        2.0359600000      (ag)
     803       0        2.0359500000      (ag)
     802       0        2.0244000000      (bu)
     801       0        2.0209100000      (bu)
     800       0        2.0209000000      (bu)
     799       0        2.0159100000      (bu)
     798       0        2.0072900000      (bg)
     797       0        2.0065300000      (ag)
     796       0        2.0065200000      (ag)
     795       0        1.9976400000      (ag)
     794       0        1.9941600000      (bg)
     793       0        1.9941400000      (bg)
     792       0        1.9883200000      (ag)
     791       0        1.9834800000      (bu)
     790       0        1.9834700000      (bu)
     789       0        1.9812400000      (ag)
     788       0        1.9651900000      (au)
     787       0        1.9651800000      (au)
     786       0        1.9585500000      (bu)
     785       0        1.9585400000      (bu)
     784       0        1.9537400000      (bg)
     783       0        1.9537300000      (bg)
     782       0        1.9280300000      (ag)
     781       0        1.9267200000      (au)
     780       0        1.9173300000      (ag)
     779       0        1.9173300000      (ag)
     778       0        1.9015200000      (bu)
     777       0        1.9015100000      (bu)
     776       0        1.8919200000      (bu)
     775       0        1.8846600000      (bu)
     774       0        1.8815400000      (ag)
     773       0        1.8815300000      (ag)
     772       0        1.8806400000      (ag)
     771       0        1.8782400000      (au)
     770       0        1.8685100000      (bg)
     769       0        1.8685000000      (bg)
     768       0        1.8659300000      (au)
     767       0        1.8659300000      (au)
     766       0        1.8651300000      (ag)
     765       0        1.8651100000      (ag)
     764       0        1.8567500000      (bu)
     763       0        1.8567500000      (bu)
     762       0        1.8511100000      (bg)
     761       0        1.8475400000      (au)
     760       0        1.8440800000      (bu)
     759       0        1.8424200000      (ag)
     758       0        1.8418300000      (bu)
     757       0        1.8414700000      (bg)
     756       0        1.8414600000      (bg)
     755       0        1.8365800000      (bu)
     754       0        1.8365800000      (bu)
     753       0        1.8170600000      (au)
     752       0        1.8170300000      (au)
     751       0        1.8141000000      (ag)
     750       0        1.8141000000      (ag)
     749       0        1.8074100000      (ag)
     748       0        1.8066200000      (bg)
     747       0        1.7765200000      (bg)
     746       0        1.7749200000      (ag)
     745       0        1.7749000000      (ag)
     744       0        1.7600000000      (au)
     743       0        1.7600000000      (au)
     742       0        1.7560800000      (bu)
     741       0        1.7536400000      (bu)
     740       0        1.7476300000      (bu)
     739       0        1.7476300000      (bu)
     738       0        1.7474900000      (bg)
     737       0        1.7474800000      (bg)
     736       0        1.7466800000      (au)
     735       0        1.7373800000      (ag)
     734       0        1.7325300000      (bu)
     733       0        1.7325300000      (bu)
     732       0        1.7182700000      (bg)
     731       0        1.7057600000      (ag)
     730       0        1.7057600000      (ag)
     729       0        1.6942500000      (au)
     728       0        1.6942500000      (au)
     727       0        1.6910200000      (bu)
     726       0        1.6772600000      (ag)
     725       0        1.6772600000      (ag)
     724       0        1.6754700000      (bg)
     723       0        1.6754700000      (bg)
     722       0        1.6753800000      (bg)
     721       0        1.6752700000      (bu)
     720       0        1.6752600000      (bu)
     719       0        1.6742900000      (au)
     718       0        1.6734600000      (ag)
     717       0        1.6733800000      (au)
     716       0        1.6733800000      (au)
     715       0        1.6545800000      (bu)
     714       0        1.6545700000      (bu)
     713       0        1.6496800000      (bu)
     712       0        1.6484800000      (bu)
     711       0        1.6449400000      (ag)
     710       0        1.6449300000      (ag)
     709       0        1.6397100000      (bg)
     708       0        1.6397100000      (bg)
     707       0        1.6302300000      (ag)
     706       0        1.6118900000      (au)
     705       0        1.6068300000      (ag)
     704       0        1.6059900000      (ag)
     703       0        1.6059700000      (ag)
     702       0        1.5894400000      (bu)
     701       0        1.5894400000      (bu)
     700       0        1.5707400000      (au)
     699       0        1.5702600000      (ag)
     698       0        1.5702600000      (ag)
     697       0        1.5590100000      (bu)
     696       0        1.5573500000      (bg)
     695       0        1.5573400000      (bg)
     694       0        1.5562400000      (au)
     693       0        1.5562400000      (au)
     692       0        1.5558500000      (au)
     691       0        1.5489800000      (bg)
     690       0        1.5489800000      (bg)
     689       0        1.5485300000      (bu)
     688       0        1.5450000000      (bg)
     687       0        1.5244500000      (ag)
     686       0        1.5244400000      (ag)
     685       0        1.5179700000      (bu)
     684       0        1.5179600000      (bu)
     683       0        1.5150100000      (au)
     682       0        1.5150000000      (au)
     681       0        1.5071900000      (ag)
     680       0        1.5014000000      (bu)
     679       0        1.5014000000      (bu)
     678       0        1.4953300000      (bg)
     677       0        1.4804800000      (ag)
     676       0        1.4617400000      (bu)
     675       0        1.4608500000      (ag)
     674       0        1.4187000000      (bu)
     673       0        1.4150100000      (ag)
     672       0        1.4150100000      (ag)
     671       0        1.4144100000      (bu)
     670       0        1.4143900000      (bu)
     669       0        1.3763100000      (ag)
     668       0        1.3763100000      (ag)
     667       0        1.3657400000      (bu)
     666       0        1.3555100000      (bu)
     665       0        1.3533400000      (ag)
     664       0        1.3533300000      (ag)
     663       0        1.3457500000      (bu)
     662       0        1.3457500000      (bu)
     661       0        1.3451300000      (ag)
     660       0        1.3400100000      (bu)
     659       0        1.3400000000      (bu)
     658       0        1.3397100000      (ag)
     657       0        1.3375000000      (ag)
     656       0        1.3177700000      (ag)
     655       0        1.3177700000      (ag)
     654       0        1.3166700000      (bu)
     653       0        1.3166700000      (bu)
     652       0        1.2806500000      (bu)
     651       0        1.2688800000      (ag)
     650       0        1.2688700000      (ag)
     649       0        1.2625600000      (bu)
     648       0        1.2625500000      (bu)
     647       0        1.2581500000      (ag)
     646       0        1.2569200000      (bu)
     645       0        1.2373300000      (au)
     644       0        1.2348900000      (bg)
     643       0        1.2348900000      (bg)
     642       0        1.2266800000      (au)
     641       0        1.2266800000      (au)
     640       0        1.2195400000      (ag)
     639       0        1.2195400000      (ag)
     638       0        1.2192100000      (bu)
     637       0        1.2177700000      (bg)
     636       0        1.2109400000      (bu)
     635       0        1.2109300000      (bu)
     634       0        1.2044500000      (ag)
     633       0        1.2018500000      (au)
     632       0        1.2014900000      (bg)
     631       0        1.1973700000      (bg)
     630       0        1.1973700000      (bg)
     629       0        1.1947400000      (au)
     628       0        1.1947300000      (au)
     627       0        1.1805700000      (ag)
     626       0        1.1805700000      (ag)
     625       0        1.1749700000      (bu)
     624       0        1.1575500000      (au)
     623       0        1.1575400000      (au)
     622       0        1.1549300000      (bg)
     621       0        1.1546400000      (bg)
     620       0        1.1515000000      (ag)
     619       0        1.1495900000      (ag)
     618       0        1.1495800000      (ag)
     617       0        1.1438800000      (au)
     616       0        1.1438700000      (au)
     615       0        1.1429200000      (bg)
     614       0        1.1429100000      (bg)
     613       0        1.1415500000      (bu)
     612       0        1.1415500000      (bu)
     611       0        1.1312300000      (au)
     610       0        1.1280700000      (bu)
     609       0        1.1280600000      (bu)
     608       0        1.1257100000      (ag)
     607       0        1.1217400000      (bg)
     606       0        1.1217400000      (bg)
     605       0        1.1183800000      (au)
     604       0        1.1070200000      (bg)
     603       0        1.1024100000      (bu)
     602       0        1.1023600000      (bg)
     601       0        1.1023600000      (bg)
     600       0        1.0976200000      (bu)
     599       0        1.0976200000      (bu)
     598       0        1.0963600000      (bu)
     597       0        1.0950700000      (ag)
     596       0        1.0942900000      (ag)
     595       0        1.0942900000      (ag)
     594       0        1.0935100000      (au)
     593       0        1.0935100000      (au)
     592       0        1.0911100000      (ag)
     591       0        1.0848600000      (au)
     590       0        1.0839300000      (bu)
     589       0        1.0675500000      (ag)
     588       0        1.0675500000      (ag)
     587       0        1.0653500000      (ag)
     586       0        1.0653300000      (ag)
     585       0        1.0644700000      (ag)
     584       0        1.0616600000      (bu)
     583       0        1.0616600000      (bu)
     582       0        1.0571300000      (ag)
     581       0        1.0543200000      (bu)
     580       0        1.0543100000      (bu)
     579       0        1.0484900000      (bu)
     578       0        1.0478300000      (bg)
     577       0        1.0444100000      (bg)
     576       0        1.0444000000      (bg)
     575       0        1.0413900000      (ag)
     574       0        1.0413800000      (ag)
     573       0        1.0373800000      (au)
     572       0        1.0373800000      (au)
     571       0        1.0368000000      (bu)
     570       0        1.0367900000      (bu)
     569       0        1.0313400000      (bu)
     568       0        1.0310900000      (au)
     567       0        1.0267000000      (ag)
     566       0        1.0239500000      (bu)
     565       0        1.0222700000      (ag)
     564       0        1.0222600000      (ag)
     563       0        1.0200700000      (bu)
     562       0        1.0200700000      (bu)
     561       0        1.0136500000      (ag)
     560       0        1.0136500000      (ag)
     559       0        1.0048000000      (bu)
     558       0        1.0048000000      (bu)
     557       0        1.0013700000      (ag)
     556       0        1.0013600000      (ag)
     555       0        0.9989800000      (ag)
     554       0        0.9953400000      (ag)
     553       0        0.9927000000      (bu)
     552       0        0.9926900000      (bu)
     551       0        0.9727300000      (ag)
     550       0        0.9704900000      (bu)
     549       0        0.9658000000      (bu)
     548       0        0.9658000000      (bu)
     547       0        0.9645200000      (bu)
     546       0        0.9613000000      (ag)
     545       0        0.9503800000      (ag)
     544       0        0.9503800000      (ag)
     543       0        0.9497300000      (bu)
     542       0        0.9497300000      (bu)
     541       0        0.9370000000      (ag)
     540       0        0.9370000000      (ag)
     539       0        0.9218800000      (bu)
     538       0        0.9029200000      (au)
     537       0        0.9025100000      (ag)
     536       0        0.9025000000      (ag)
     535       0        0.9016100000      (bu)
     534       0        0.8788200000      (ag)
     533       0        0.8783800000      (ag)
     532       0        0.8783800000      (ag)
     531       0        0.8737800000      (bu)
     530       0        0.8737800000      (bu)
     529       0        0.8732900000      (ag)
     528       0        0.8706000000      (bu)
     527       0        0.8680200000      (bu)
     526       0        0.8680200000      (bu)
     525       0        0.8617300000      (bg)
     524       0        0.8617300000      (bg)
     523       0        0.8504500000      (ag)
     522       0        0.8477100000      (bu)
     521       0        0.8477000000      (bu)
     520       0        0.8475600000      (ag)
     519       0        0.8475500000      (ag)
     518       0        0.8357000000      (au)
     517       0        0.8351200000      (bu)
     516       0        0.8351200000      (bu)
     515       0        0.8345300000      (ag)
     514       0        0.8345300000      (ag)
     513       0        0.8308000000      (au)
     512       0        0.8308000000      (au)
     511       0        0.8294100000      (ag)
     510       0        0.8294100000      (ag)
     509       0        0.8291700000      (bu)
     508       0        0.8273900000      (bg)
     507       0        0.8273800000      (bg)
     506       0        0.8250900000      (bu)
     505       0        0.8250700000      (bu)
     504       0        0.8231100000      (bu)
     503       0        0.8194700000      (ag)
     502       0        0.8130100000      (au)
     501       0        0.8130100000      (au)
     500       0        0.8094800000      (bg)
     499       0        0.7963600000      (au)
     498       0        0.7948700000      (bu)
     497       0        0.7927400000      (bg)
     496       0        0.7911400000      (bg)
     495       0        0.7911400000      (bg)
     494       0        0.7854800000      (ag)
     493       0        0.7822200000      (bg)
     492       0        0.7775700000      (ag)
     491       0        0.7712600000      (bu)
     490       0        0.7692100000      (au)
     489       0        0.7692000000      (au)
     488       0        0.7647600000      (bu)
     487       0        0.7647500000      (bu)
     486       0        0.7637800000      (bg)
     485       0        0.7513400000      (ag)
     484       0        0.7513300000      (ag)
     483       0        0.7465700000      (au)
     482       0        0.7465700000      (au)
     481       0        0.7395900000      (bg)
     480       0        0.7395900000      (bg)
     479       0        0.7393300000      (ag)
     478       0        0.7358200000      (au)
     477       0        0.7358100000      (au)
     476       0        0.7263700000      (bu)
     475       0        0.7263700000      (bu)
     474       0        0.7261900000      (au)
     473       0        0.7168400000      (ag)
     472       0        0.7168300000      (ag)
     471       0        0.7141700000      (bu)
     470       0        0.7141400000      (bu)
     469       0        0.7108100000      (bu)
     468       0        0.7094800000      (ag)
     467       0        0.7076300000      (bu)
     466       0        0.7041000000      (bg)
     465       0        0.7022000000      (ag)
     464       0        0.7021900000      (ag)
     463       0        0.7015700000      (bg)
     462       0        0.7015600000      (bg)
     461       0        0.6937200000      (ag)
     460       0        0.6937100000      (ag)
     459       0        0.6933000000      (au)
     458       0        0.6924000000      (bu)
     457       0        0.6918800000      (ag)
     456       0        0.6904800000      (bg)
     455       0        0.6870500000      (bu)
     454       0        0.6870400000      (bu)
     453       0        0.6825500000      (bu)
     452       0        0.6766000000      (bg)
     451       0        0.6766000000      (bg)
     450       0        0.6730900000      (au)
     449       0        0.6714800000      (au)
     448       0        0.6714700000      (au)
     447       0        0.6711600000      (bu)
     446       0        0.6711600000      (bu)
     445       0        0.6657800000      (bu)
     444       0        0.6624000000      (ag)
     443       0        0.6624000000      (ag)
     442       0        0.6618400000      (ag)
     441       0        0.6514800000      (ag)
     440       0        0.6514800000      (ag)
     439       0        0.6453600000      (au)
     438       0        0.6453600000      (au)
     437       0        0.6397200000      (bu)
     436       0        0.6393800000      (bu)
     435       0        0.6393700000      (bu)
     434       0        0.6358800000      (bg)
     433       0        0.6358700000      (bg)
     432       0        0.6353600000      (ag)
     431       0        0.6248700000      (au)
     430       0        0.6244500000      (bg)
     429       0        0.6240400000      (bu)
     428       0        0.6240400000      (bu)
     427       0        0.6188800000      (ag)
     426       0        0.6188700000      (ag)
     425       0        0.6160100000      (ag)
     424       0        0.6132400000      (bg)
     423       0        0.6132200000      (ag)
     422       0        0.6072800000      (ag)
     421       0        0.6072800000      (ag)
     420       0        0.6072000000      (bu)
     419       0        0.6030200000      (au)
     418       0        0.6030200000      (au)
     417       0        0.5877500000      (bg)
     416       0        0.5877500000      (bg)
     415       0        0.5827200000      (ag)
     414       0        0.5825200000      (bu)
     413       0        0.5725700000      (bu)
     412       0        0.5725700000      (bu)
     411       0        0.5704600000      (au)
     410       0        0.5675900000      (bu)
     409       0        0.5569800000      (ag)
     408       0        0.5504100000      (bu)
     407       0        0.5504100000      (bu)
     406       0        0.5484800000      (ag)
     405       0        0.5484800000      (ag)
     404       0        0.5359600000      (ag)
     403       0        0.5359500000      (ag)
     402       0        0.5358300000      (bu)
     401       0        0.5276800000      (bu)
     400       0        0.5276800000      (bu)
     399       0        0.5216100000      (bu)
     398       0        0.5167200000      (ag)
     397       0        0.5099400000      (bu)
     396       0        0.5090200000      (bu)
     395       0        0.5059500000      (ag)
     394       0        0.5059500000      (ag)
     393       0        0.5058000000      (bu)
     392       0        0.5058000000      (bu)
     391       0        0.4972200000      (ag)
     390       0        0.4898600000      (bu)
     389       0        0.4898600000      (bu)
     388       0        0.4834000000      (ag)
     387       0        0.4791600000      (bu)
     386       0        0.4791600000      (bu)
     385       0        0.4785600000      (ag)
     384       0        0.4785500000      (ag)
     383       0        0.4706800000      (ag)
     382       0        0.4679800000      (ag)
     381       0        0.4679700000      (ag)
     380       0        0.4660900000      (bu)
     379       0        0.4623600000      (bu)
     378       0        0.4596800000      (bu)
     377       0        0.4596800000      (bu)
     376       0        0.4591200000      (au)
     375       0        0.4565300000      (ag)
     374       0        0.4565300000      (ag)
     373       0        0.4423200000      (ag)
     372       0        0.4423100000      (ag)
     371       0        0.4383900000      (ag)
     370       0        0.4311700000      (ag)
     369       0        0.4311700000      (ag)
     368       0        0.4271400000      (ag)
     367       0        0.4242600000      (bu)
     366       0        0.4208500000      (bu)
     365       0        0.4113000000      (bu)
     364       0        0.4113000000      (bu)
     363       0        0.4084700000      (ag)
     362       0        0.4063900000      (bu)
     361       0        0.4063900000      (bu)
     360       0        0.4055300000      (ag)
     359       0        0.4055200000      (ag)
     358       0        0.3979900000      (bu)
     357       0        0.3979800000      (bu)
     356       0        0.3957300000      (bu)
     355       0        0.3935100000      (ag)
     354       0        0.3889700000      (ag)
     353       0        0.3883800000      (au)
     352       0        0.3883800000      (au)
     351       0        0.3881100000      (bg)
     350       0        0.3881100000      (bg)
     349       0        0.3880700000      (bu)
     348       0        0.3880700000      (bu)
     347       0        0.3879700000      (ag)
     346       0        0.3879600000      (ag)
     345       0        0.3875700000      (bg)
     344       0        0.3787300000      (ag)
     343       0        0.3787300000      (ag)
     342       0        0.3779800000      (bu)
     341       0        0.3775400000      (ag)
     340       0        0.3773800000      (bu)
     339       0        0.3773700000      (bu)
     338       0        0.3633100000      (ag)
     337       0        0.3633100000      (ag)
     336       0        0.3621900000      (bu)
     335       0        0.3575400000      (ag)
     334       0        0.3550900000      (bu)
     333       0        0.3534600000      (bu)
     332       0        0.3534600000      (bu)
     331       0        0.3531400000      (ag)
     330       0        0.3531400000      (ag)
     329       0        0.3526700000      (au)
     328       0        0.3526700000      (au)
     327       0        0.3507000000      (bu)
     326       0        0.3379700000      (bu)
     325       0        0.3379600000      (bu)
     324       0        0.3364000000      (ag)
     323       0        0.3362400000      (bu)
     322       0        0.3320400000      (ag)
     321       0        0.3320400000      (ag)
     320       0        0.3310200000      (bu)
     319       0        0.3303400000      (bu)
     318       0        0.3303300000      (bu)
     317       0        0.3219500000      (ag)
     316       0        0.3219400000      (ag)
     315       0        0.3196100000      (bg)
     314       0        0.3192900000      (au)
     313       0        0.3145600000      (ag)
     312       0        0.3136600000      (bg)
     311       0        0.3136500000      (bg)
     310       0        0.3117200000      (bg)
     309       0        0.3093600000      (bg)
     308       0        0.3081500000      (ag)
     307       0        0.3078400000      (bu)
     306       0        0.3078400000      (bu)
     305       0        0.3038200000      (ag)
     304       0        0.3038100000      (ag)
     303       0        0.2972800000      (bu)
     302       0        0.2972800000      (bu)
     301       0        0.2959800000      (bg)
     300       0        0.2959700000      (bg)
     299       0        0.2940700000      (bu)
     298       0        0.2896900000      (ag)
     297       0        0.2889700000      (bu)
     296       0        0.2889200000      (ag)
     295       0        0.2889200000      (ag)
     294       0        0.2882600000      (bu)
     293       0        0.2882500000      (bu)
     292       0        0.2874400000      (au)
     291       0        0.2874400000      (au)
     290       0        0.2853100000      (ag)
     289       0        0.2805200000      (ag)
     288       0        0.2805100000      (ag)
     287       0        0.2753400000      (bu)
     286       0        0.2753400000      (bu)
     285       0        0.2677900000      (ag)
     284       0        0.2667600000      (bu)
     283       0        0.2636500000      (au)
     282       0        0.2633100000      (au)
     281       0        0.2633100000      (au)
     280       0        0.2578600000      (ag)
     279       0        0.2578500000      (ag)
     278       0        0.2549900000      (bu)
     277       0        0.2549900000      (bu)
     276       0        0.2547000000      (bg)
     275       0        0.2524900000      (bu)
     274       0        0.2523800000      (bu)
     273       0        0.2510700000      (ag)
     272       0        0.2510700000      (ag)
     271       0        0.2498500000      (ag)
     270       0        0.2495600000      (ag)
     269       0        0.2479300000      (au)
     268       0        0.2479200000      (au)
     267       0        0.2433900000      (bg)
     266       0        0.2433900000      (bg)
     265       0        0.2425500000      (au)
     264       0        0.2425500000      (au)
     263       0        0.2411900000      (ag)
     262       0        0.2411700000      (ag)
     261       0        0.2396400000      (ag)
     260       0        0.2379600000      (bg)
     259       0        0.2370500000      (bu)
     258       0        0.2365600000      (bg)
     257       0        0.2365600000      (bg)
     256       0        0.2311000000      (au)
     255       0        0.2275400000      (bu)
     254       0        0.2275400000      (bu)
     253       0        0.2236300000      (au)
     252       0        0.2227600000      (au)
     251       0        0.2227600000      (au)
     250       0        0.2218500000      (bu)
     249       0        0.2203700000      (bg)
     248       0        0.2203700000      (bg)
     247       0        0.2160700000      (bu)
     246       0        0.2160700000      (bu)
     245       0        0.2120700000      (bg)
     244       0        0.2096800000      (ag)
     243       0        0.2096800000      (ag)
     242       0        0.2073000000      (bg)
     241       0        0.2061400000      (bu)
     240       0        0.2061300000      (bu)
     239       0        0.2020000000      (bg)
     238       0        0.2020000000      (bg)
     237       0        0.2014400000      (au)
     236       0        0.1981200000      (ag)
     235       0        0.1949300000      (bu)
     234       0        0.1949200000      (bu)
     233       0        0.1915400000      (ag)
     232       0        0.1910500000      (ag)
     231       0        0.1907600000      (ag)
     230       0        0.1907600000      (ag)
     229       0        0.1862500000      (bu)
     228       0        0.1844100000      (au)
     227       0        0.1799800000      (ag)
     226       0        0.1799800000      (ag)
     225       0        0.1795400000      (bu)
     224       0        0.1795400000      (bu)
     223       0        0.1749300000      (au)
     222       0        0.1749200000      (au)
     221       0        0.1728400000      (bu)
     220       0        0.1721100000      (ag)
     219       0        0.1721100000      (ag)
     218       0        0.1683900000      (au)
     217       0        0.1639700000      (bg)
     216       0        0.1639700000      (bg)
     215       0        0.1559900000      (bu)
     214       0        0.1559900000      (bu)
     213       0        0.1558200000      (bu)
     212       0        0.1522500000      (ag)
     211       0        0.1522500000      (ag)
     210       0        0.1502300000      (bu)
     209       0        0.1502300000      (bu)
     208       0        0.1501300000      (bu)
     207       0        0.1490700000      (ag)
     206       0        0.1463200000      (bu)
     205       0        0.1453800000      (au)
     204       0        0.1453800000      (au)
     203       0        0.1385400000      (bg)
     202       0        0.1385400000      (bg)
     201       0        0.1367000000      (ag)
     200       0        0.1367000000      (ag)
     199       0        0.1362400000      (bg)
     198       0        0.1347600000      (bu)
     197       0        0.1265200000      (ag)
     196       0        0.1176600000      (bg)
     195       0        0.1152200000      (bu)
     194       0        0.1152200000      (bu)
     193       0        0.1121700000      (au)
     192       0        0.1121700000      (au)
     191       0        0.1101500000      (ag)
     190       0        0.1101500000      (ag)
     189       0        0.1078400000      (bg)
     188       0        0.1078400000      (bg)
     187       0        0.1053200000      (au)
     186       0        0.1014200000      (au)
     185       0        0.0972700000      (ag)
     184       0        0.0950100000      (ag)
     183       0        0.0886500000      (ag)
     182       0        0.0853300000      (bu)
     181       0        0.0853200000      (bu)
     180       0        0.0793000000      (bu)
     179       0        0.0793000000      (bu)
     178       0        0.0656400000      (ag)
     177       0        0.0656400000      (ag)
     176       0        0.0630800000      (bg)
     175       0        0.0630700000      (bg)
     174       0        0.0555300000      (bu)
     173       0        0.0522300000      (bu)
     172       0        0.0504000000      (au)
     171       0        0.0503600000      (au)
     170       0        0.0503500000      (au)
     169       0        0.0497600000      (ag)
     168       0        0.0454400000      (ag)
     167       0        0.0454400000      (ag)
     166       0        0.0402000000      (bu)
     165       0        0.0402000000      (bu)
     164       0        0.0374600000      (ag)
     163       0        0.0191400000      (bg)
     162       0        0.0190800000      (au)
     161       0       -0.0214300000      (bg)
     160       0       -0.0276800000      (bg)
     159       0       -0.0276900000      (bg)
     158       0       -0.0566100000      (au)
     157       0       -0.0566100000      (au)
     156       2       -0.2491700000      (au)
     155       2       -0.2491700000      (au)
     154       2       -0.2529100000      (bg)
     153       2       -0.2529100000      (bg)
     152       2       -0.2922000000      (bg)
     151       2       -0.3078700000      (au)
     150       2       -0.3162000000      (au)
     149       2       -0.3524100000      (bg)
     148       2       -0.3659800000      (bg)
     147       2       -0.3659900000      (bg)
     146       2       -0.3795800000      (au)
     145       2       -0.3795900000      (au)
     144       2       -0.4100300000      (bg)
     143       2       -0.4100300000      (bg)
     142       2       -0.4162600000      (au)
     141       2       -0.4162600000      (au)
     140       2       -0.4179100000      (au)
     139       2       -0.4186300000      (ag)
     138       2       -0.4186300000      (ag)
     137       2       -0.4219900000      (bu)
     136       2       -0.4254700000      (bu)
     135       2       -0.4350700000      (bu)
     134       2       -0.4350800000      (bu)
     133       2       -0.4436900000      (bg)
     132       2       -0.4468600000      (ag)
     131       2       -0.4475700000      (ag)
     130       2       -0.4517100000      (ag)
     129       2       -0.4517100000      (ag)
     128       2       -0.4549700000      (bu)
     127       2       -0.4549700000      (bu)
     126       2       -0.4706300000      (bg)
     125       2       -0.4748000000      (ag)
     124       2       -0.4748000000      (ag)
     123       2       -0.4815800000      (bu)
     122       2       -0.4829200000      (bu)
     121       2       -0.4829200000      (bu)
     120       2       -0.4874100000      (bu)
     119       2       -0.4879700000      (ag)
     118       2       -0.4879800000      (ag)
     117       2       -0.4918200000      (au)
     116       2       -0.4918200000      (au)
     115       2       -0.4929200000      (ag)
     114       2       -0.5081000000      (bu)
     113       2       -0.5081100000      (bu)
     112       2       -0.5127500000      (bg)
     111       2       -0.5127500000      (bg)
     110       2       -0.5204700000      (au)
     109       2       -0.5260100000      (bu)
     108       2       -0.5351900000      (ag)
     107       2       -0.5394300000      (ag)
     106       2       -0.5394400000      (ag)
     105       2       -0.5422800000      (ag)
     104       2       -0.5519100000      (bu)
     103       2       -0.5519100000      (bu)
     102       2       -0.5573600000      (bu)
     101       2       -0.5736600000      (ag)
     100       2       -0.5736600000      (ag)
      99       2       -0.5791600000      (bu)
      98       2       -0.5791700000      (bu)
      97       2       -0.5800600000      (ag)
      96       2       -0.5917300000      (ag)
      95       2       -0.6002200000      (ag)
      94       2       -0.6002300000      (ag)
      93       2       -0.6081800000      (bu)
      92       2       -0.6081900000      (bu)
      91       2       -0.6190300000      (bu)
      90       2       -0.6340600000      (bu)
      89       2       -0.6340600000      (bu)
      88       2       -0.6571300000      (bu)
      87       2       -0.6611400000      (ag)
      86       2       -0.6612400000      (ag)
      85       2       -0.6612400000      (ag)
      84       2       -0.6964200000      (ag)
      83       2       -0.6964300000      (ag)
      82       2       -0.6971400000      (ag)
      81       2       -0.7053400000      (bu)
      80       2       -0.7053400000      (bu)
      79       2       -0.7230100000      (bu)
      78       2       -0.7345900000      (ag)
      77       2       -0.7372900000      (bu)
      76       2       -0.7561500000      (bu)
      75       2       -0.7561500000      (bu)
      74       2       -0.7743200000      (ag)
      73       2       -0.7743200000      (ag)
      72       2       -0.8053500000      (ag)
      71       2       -0.8053500000      (ag)
      70       2       -0.8178000000      (bu)
      69       2       -0.8178000000      (bu)
      68       2       -0.8356400000      (bu)
      67       2       -0.8481000000      (ag)
      66       2       -0.8684300000      (ag)
      65       2       -0.8716100000      (bu)
      64       2       -0.8918600000      (ag)
      63       2       -0.8918600000      (ag)
      62       2       -0.8946900000      (bu)
      61       2       -0.8946900000      (bu)
      60       2       -0.9134500000      (bu)
      59       2       -0.9134500000      (bu)
      58       2       -0.9201500000      (ag)
      57       2       -0.9257700000      (ag)
      56       2       -0.9257700000      (ag)
      55       2       -0.9408700000      (bu)
      54       2       -0.9852800000      (bu)
      53       2       -0.9954600000      (ag)
      52       2       -0.9954600000      (ag)
      51       2       -1.0089000000      (bu)
      50       2       -1.0089000000      (bu)
      49       2       -1.0142300000      (ag)
      48       2      -10.2812000000      (bu)
      47       2      -10.2812000000      (ag)
      46       2      -10.2812100000      (bu)
      45       2      -10.2812100000      (ag)
      44       2      -10.2812100000      (ag)
      43       2      -10.2812100000      (bu)
      42       2      -10.3049300000      (bu)
      41       2      -10.3049300000      (ag)
      40       2      -10.3049300000      (ag)
      39       2      -10.3049400000      (bu)
      38       2      -10.3049400000      (bu)
      37       2      -10.3049400000      (ag)
      36       2      -10.3053000000      (ag)
      35       2      -10.3053100000      (bu)
      34       2      -10.3053100000      (bu)
      33       2      -10.3053300000      (ag)
      32       2      -10.3053300000      (ag)
      31       2      -10.3053300000      (bu)
      30       2      -10.3072100000      (bu)
      29       2      -10.3072100000      (ag)
      28       2      -10.3072100000      (ag)
      27       2      -10.3072100000      (bu)
      26       2      -10.3072100000      (bu)
      25       2      -10.3072100000      (ag)
      24       2      -10.3079300000      (bu)
      23       2      -10.3079300000      (ag)
      22       2      -10.3079300000      (bu)
      21       2      -10.3079300000      (ag)
      20       2      -10.3079300000      (ag)
      19       2      -10.3079300000      (bu)
      18       2      -10.3103900000      (ag)
      17       2      -10.3103900000      (bu)
      16       2      -10.3103900000      (bu)
      15       2      -10.3103900000      (ag)
      14       2      -10.3104000000      (ag)
      13       2      -10.3104000000      (bu)
      12       2      -10.3104000000      (bu)
      11       2      -10.3104000000      (ag)
      10       2      -10.3104000000      (ag)
       9       2      -10.3104000000      (bu)
       8       2      -10.3104000000      (bu)
       7       2      -10.3104000000      (ag)
       6       2      -10.3244700000      (ag)
       5       2      -10.3244700000      (bu)
       4       2      -10.3244700000      (bu)
       3       2      -10.3244800000      (ag)
       2       2      -10.3244800000      (ag)
       1       2      -10.3244900000      (bu)
