    1758       0       24.3697500000      (a')
    1757       0       24.3697200000      (a')
    1756       0       24.3669800000      (a')
    1755       0       24.3669700000      (a')
    1754       0       24.3613900000      (a')
    1753       0       24.3613900000      (a')
    1752       0       24.3544100000      (a')
    1751       0       24.3543800000      (a')
    1750       0       24.3485600000      (a')
    1749       0       24.3079100000      (a')
    1748       0       24.3079000000      (a')
    1747       0       24.2949400000      (a')
    1746       0       24.2948900000      (a')
    1745       0       24.2721700000      (a')
    1744       0       24.2721500000      (a')
    1743       0       24.2676200000      (a')
    1742       0       24.2631600000      (a')
    1741       0       24.2631400000      (a')
    1740       0       24.2498400000      (a')
    1739       0       24.2498300000      (a')
    1738       0       24.2492800000      (a')
    1737       0       24.2491800000      (a')
    1736       0       24.2444400000      (a')
    1735       0       24.2401700000      (a')
    1734       0       24.2401500000      (a')
    1733       0       24.2340700000      (a')
    1732       0       24.2340500000      (a')
    1731       0       24.1999400000      (a')
    1730       0       24.1830600000      (a')
    1729       0       24.1830500000      (a')
    1728       0       24.1636200000      (a')
    1727       0       24.1636100000      (a')
    1726       0       24.1632400000      (a')
    1725       0       24.1632100000      (a')
    1724       0       24.1627400000      (a')
    1723       0       24.1627200000      (a')
    1722       0       24.1437000000      (a')
    1721       0       24.1436900000      (a')
    1720       0       24.1382800000      (a')
    1719       0       24.1382500000      (a')
    1718       0       24.1358300000      (a')
    1717       0       24.1335400000      (a')
    1716       0       24.1335300000      (a')
    1715       0       24.1121500000      (a')
    1714       0       24.1121400000      (a')
    1713       0       24.0937200000      (a')
    1712       0       24.0937100000      (a')
    1711       0       24.0839500000      (a')
    1710       0       24.0755200000      (a')
    1709       0       24.0755200000      (a')
    1708       0       24.0673400000      (a')
    1707       0       24.0673300000      (a')
    1706       0       24.0618700000      (a')
    1705       0       24.0618600000      (a')
    1704       0       23.9989200000      (a')
    1703       0       23.9989000000      (a')
    1702       0       23.9846900000      (a')
    1701       0       23.9846800000      (a')
    1700       0       23.9821000000      (a')
    1699       0       23.9820900000      (a')
    1698       0       23.9520300000      (a')
    1697       0       23.9520200000      (a')
    1696       0       23.9376800000      (a')
    1695       0       23.9013000000      (a')
    1694       0       23.9012900000      (a')
    1693       0       23.8427300000      (a')
    1692       0       23.8427200000      (a')
    1691       0       23.7386400000      (a')
    1690       0       23.7386300000      (a')
    1689       0       23.6136000000      (a')
    1688       0       23.6135700000      (a')
    1687       0       23.5353300000      (a')
    1686       0        5.1249900000      (a')
    1685       0        5.0467400000      (a')
    1684       0        5.0467200000      (a')
    1683       0        5.0365400000      (a')
    1682       0        5.0124700000      (a')
    1681       0        5.0124600000      (a')
    1680       0        4.9882500000      (a')
    1679       0        4.9882400000      (a')
    1678       0        4.9732300000      (a')
    1677       0        4.9732200000      (a')
    1676       0        4.9381200000      (a')
    1675       0        4.9380900000      (a')
    1674       0        4.9377000000      (a')
    1673       0        4.8994300000      (a')
    1672       0        4.8993900000      (a')
    1671       0        4.8847100000      (a')
    1670       0        4.8847000000      (a')
    1669       0        4.8478800000      (a')
    1668       0        4.8478600000      (a')
    1667       0        4.8211100000      (a')
    1666       0        4.8211000000      (a')
    1665       0        4.7028600000      (a')
    1664       0        4.7028400000      (a')
    1663       0        4.5899700000      (a')
    1662       0        4.5899700000      (a')
    1661       0        4.5523900000      (a')
    1660       0        4.5523800000      (a')
    1659       0        4.5159500000      (a')
    1658       0        4.5159500000      (a')
    1657       0        4.4797500000      (a')
    1656       0        4.4797000000      (a')
    1655       0        4.4441300000      (a')
    1654       0        4.4441100000      (a')
    1653       0        4.4016900000      (a')
    1652       0        4.4016700000      (a')
    1651       0        4.3393400000      (a')
    1650       0        4.3061500000      (a')
    1649       0        4.2650700000      (a')
    1648       0        4.2650200000      (a')
    1647       0        4.2425100000      (a')
    1646       0        4.2425100000      (a')
    1645       0        4.2420200000      (a')
    1644       0        4.2420100000      (a')
    1643       0        4.2269800000      (a')
    1642       0        4.2269700000      (a')
    1641       0        4.1529300000      (a')
    1640       0        4.1529300000      (a')
    1639       0        4.1410900000      (a')
    1638       0        4.1410800000      (a')
    1637       0        4.1289800000      (a')
    1636       0        4.1289800000      (a')
    1635       0        4.1073300000      (a')
    1634       0        4.1072900000      (a')
    1633       0        4.0939300000      (a')
    1632       0        4.0207000000      (a')
    1631       0        4.0207000000      (a')
    1630       0        4.0054700000      (a')
    1629       0        4.0054400000      (a')
    1628       0        3.9913700000      (a')
    1627       0        3.9913600000      (a')
    1626       0        3.9687700000      (a')
    1625       0        3.9459100000      (a')
    1624       0        3.9459000000      (a')
    1623       0        3.9049300000      (a')
    1622       0        3.8852100000      (a')
    1621       0        3.8852000000      (a')
    1620       0        3.8727600000      (a')
    1619       0        3.8727400000      (a')
    1618       0        3.8696400000      (a')
    1617       0        3.8696400000      (a')
    1616       0        3.8552300000      (a')
    1615       0        3.8552300000      (a')
    1614       0        3.7629800000      (a')
    1613       0        3.7629800000      (a')
    1612       0        3.7608300000      (a')
    1611       0        3.7608100000      (a')
    1610       0        3.7521100000      (a')
    1609       0        3.7520900000      (a')
    1608       0        3.7509600000      (a')
    1607       0        3.7486400000      (a')
    1606       0        3.7486400000      (a')
    1605       0        3.7318100000      (a')
    1604       0        3.7110500000      (a')
    1603       0        3.7110500000      (a')
    1602       0        3.7092800000      (a')
    1601       0        3.7092800000      (a')
    1600       0        3.7058500000      (a')
    1599       0        3.7058500000      (a')
    1598       0        3.6985100000      (a')
    1597       0        3.6985000000      (a')
    1596       0        3.6704600000      (a')
    1595       0        3.6704600000      (a')
    1594       0        3.6609900000      (a')
    1593       0        3.6609600000      (a')
    1592       0        3.6441700000      (a')
    1591       0        3.6375600000      (a')
    1590       0        3.6375500000      (a')
    1589       0        3.6268200000      (a')
    1588       0        3.6268100000      (a')
    1587       0        3.6129100000      (a')
    1586       0        3.6129000000      (a')
    1585       0        3.6101100000      (a')
    1584       0        3.6100900000      (a')
    1583       0        3.5927700000      (a')
    1582       0        3.5927700000      (a')
    1581       0        3.5906200000      (a')
    1580       0        3.5906200000      (a')
    1579       0        3.5836600000      (a')
    1578       0        3.5690300000      (a')
    1577       0        3.5690200000      (a')
    1576       0        3.5654800000      (a')
    1575       0        3.5654700000      (a')
    1574       0        3.5463300000      (a')
    1573       0        3.5162200000      (a')
    1572       0        3.5162200000      (a')
    1571       0        3.5152100000      (a')
    1570       0        3.5151600000      (a')
    1569       0        3.4895000000      (a')
    1568       0        3.4894900000      (a')
    1567       0        3.4766000000      (a')
    1566       0        3.4765900000      (a')
    1565       0        3.4700400000      (a')
    1564       0        3.4700400000      (a')
    1563       0        3.4688800000      (a')
    1562       0        3.4601800000      (a')
    1561       0        3.4601500000      (a')
    1560       0        3.4507400000      (a')
    1559       0        3.4507400000      (a')
    1558       0        3.4467200000      (a')
    1557       0        3.4467000000      (a')
    1556       0        3.4356400000      (a')
    1555       0        3.4356400000      (a')
    1554       0        3.4338800000      (a')
    1553       0        3.4338600000      (a')
    1552       0        3.4310800000      (a')
    1551       0        3.4310800000      (a')
    1550       0        3.4265100000      (a')
    1549       0        3.4265100000      (a')
    1548       0        3.4220200000      (a')
    1547       0        3.4220100000      (a')
    1546       0        3.4206300000      (a')
    1545       0        3.4103000000      (a')
    1544       0        3.4102700000      (a')
    1543       0        3.3883600000      (a')
    1542       0        3.3883400000      (a')
    1541       0        3.3807600000      (a')
    1540       0        3.3807400000      (a')
    1539       0        3.3787000000      (a')
    1538       0        3.3338900000      (a')
    1537       0        3.3321200000      (a')
    1536       0        3.3321100000      (a')
    1535       0        3.3092900000      (a')
    1534       0        3.3092700000      (a')
    1533       0        3.2497400000      (a')
    1532       0        3.2496900000      (a')
    1531       0        3.2460900000      (a')
    1530       0        3.2369300000      (a')
    1529       0        3.2369100000      (a')
    1528       0        3.2335000000      (a')
    1527       0        3.2334800000      (a')
    1526       0        3.2173900000      (a")
    1525       0        3.2103200000      (a')
    1524       0        3.2103100000      (a')
    1523       0        3.2011000000      (a')
    1522       0        3.2007700000      (a")
    1521       0        3.2007700000      (a")
    1520       0        3.1977000000      (a")
    1519       0        3.1976900000      (a")
    1518       0        3.1953200000      (a")
    1517       0        3.1953100000      (a")
    1516       0        3.1897000000      (a')
    1515       0        3.1896100000      (a')
    1514       0        3.1860400000      (a")
    1513       0        3.1860400000      (a")
    1512       0        3.1849100000      (a')
    1511       0        3.1849000000      (a')
    1510       0        3.1685200000      (a")
    1509       0        3.1685100000      (a")
    1508       0        3.1565900000      (a")
    1507       0        3.1557500000      (a")
    1506       0        3.1557400000      (a")
    1505       0        3.1527500000      (a")
    1504       0        3.1527400000      (a")
    1503       0        3.1424600000      (a")
    1502       0        3.1424500000      (a")
    1501       0        3.1328200000      (a')
    1500       0        3.1327700000      (a')
    1499       0        3.1318300000      (a")
    1498       0        3.1181700000      (a')
    1497       0        3.1181300000      (a')
    1496       0        3.1126900000      (a")
    1495       0        3.1126800000      (a")
    1494       0        3.1124000000      (a")
    1493       0        3.1123900000      (a")
    1492       0        3.1019000000      (a")
    1491       0        3.1019000000      (a")
    1490       0        3.0917900000      (a')
    1489       0        3.0917200000      (a')
    1488       0        3.0893200000      (a")
    1487       0        3.0893200000      (a")
    1486       0        3.0848800000      (a')
    1485       0        3.0848100000      (a')
    1484       0        3.0837600000      (a')
    1483       0        3.0837500000      (a')
    1482       0        3.0626800000      (a")
    1481       0        3.0626800000      (a")
    1480       0        3.0573500000      (a')
    1479       0        3.0573300000      (a')
    1478       0        3.0559100000      (a")
    1477       0        3.0559100000      (a")
    1476       0        3.0549100000      (a")
    1475       0        3.0549000000      (a")
    1474       0        3.0498400000      (a")
    1473       0        3.0485000000      (a')
    1472       0        3.0466900000      (a')
    1471       0        3.0466900000      (a')
    1470       0        3.0217600000      (a')
    1469       0        3.0180200000      (a')
    1468       0        3.0178500000      (a')
    1467       0        3.0174100000      (a")
    1466       0        3.0174100000      (a")
    1465       0        3.0056600000      (a")
    1464       0        3.0016000000      (a")
    1463       0        3.0015800000      (a")
    1462       0        2.9935100000      (a")
    1461       0        2.9935100000      (a")
    1460       0        2.9914300000      (a')
    1459       0        2.9913400000      (a')
    1458       0        2.9887700000      (a")
    1457       0        2.9887700000      (a")
    1456       0        2.9844300000      (a')
    1455       0        2.9843900000      (a')
    1454       0        2.9835700000      (a')
    1453       0        2.9835500000      (a')
    1452       0        2.9825100000      (a')
    1451       0        2.9824500000      (a')
    1450       0        2.9673500000      (a")
    1449       0        2.9673500000      (a")
    1448       0        2.9637900000      (a')
    1447       0        2.9637200000      (a')
    1446       0        2.9234400000      (a")
    1445       0        2.9234300000      (a")
    1444       0        2.9217600000      (a')
    1443       0        2.9216700000      (a')
    1442       0        2.9203600000      (a")
    1441       0        2.9162200000      (a")
    1440       0        2.9162200000      (a")
    1439       0        2.9129700000      (a")
    1438       0        2.9129700000      (a")
    1437       0        2.8998200000      (a')
    1436       0        2.8947100000      (a")
    1435       0        2.8947000000      (a")
    1434       0        2.8896900000      (a')
    1433       0        2.8896800000      (a')
    1432       0        2.8765700000      (a')
    1431       0        2.8765300000      (a')
    1430       0        2.8721300000      (a")
    1429       0        2.8721200000      (a")
    1428       0        2.8679800000      (a')
    1427       0        2.8679400000      (a')
    1426       0        2.8668800000      (a')
    1425       0        2.8557900000      (a')
    1424       0        2.8557700000      (a')
    1423       0        2.8519300000      (a')
    1422       0        2.8519200000      (a')
    1421       0        2.8513000000      (a")
    1420       0        2.8513000000      (a")
    1419       0        2.8501600000      (a')
    1418       0        2.8501500000      (a')
    1417       0        2.8477000000      (a")
    1416       0        2.8477000000      (a")
    1415       0        2.8427100000      (a')
    1414       0        2.8426800000      (a')
    1413       0        2.8418400000      (a')
    1412       0        2.8386800000      (a')
    1411       0        2.8386700000      (a')
    1410       0        2.8373500000      (a')
    1409       0        2.8373500000      (a')
    1408       0        2.8355800000      (a')
    1407       0        2.8355300000      (a')
    1406       0        2.8325500000      (a')
    1405       0        2.8325400000      (a')
    1404       0        2.8324700000      (a')
    1403       0        2.8309900000      (a')
    1402       0        2.8309800000      (a')
    1401       0        2.8264000000      (a")
    1400       0        2.8264000000      (a")
    1399       0        2.8152200000      (a")
    1398       0        2.8107800000      (a')
    1397       0        2.8107600000      (a')
    1396       0        2.8079300000      (a')
    1395       0        2.8079300000      (a')
    1394       0        2.8073500000      (a')
    1393       0        2.8073500000      (a')
    1392       0        2.7942600000      (a')
    1391       0        2.7942300000      (a')
    1390       0        2.7900100000      (a')
    1389       0        2.7899400000      (a')
    1388       0        2.7888000000      (a')
    1387       0        2.7728700000      (a')
    1386       0        2.7728600000      (a')
    1385       0        2.7601800000      (a")
    1384       0        2.7601800000      (a")
    1383       0        2.7525700000      (a')
    1382       0        2.7525500000      (a')
    1381       0        2.7456100000      (a")
    1380       0        2.7456100000      (a")
    1379       0        2.7398500000      (a')
    1378       0        2.7398300000      (a')
    1377       0        2.7345700000      (a')
    1376       0        2.7334400000      (a")
    1375       0        2.7334400000      (a")
    1374       0        2.7255700000      (a")
    1373       0        2.7255600000      (a")
    1372       0        2.7223500000      (a")
    1371       0        2.7051900000      (a')
    1370       0        2.7008100000      (a')
    1369       0        2.7008100000      (a')
    1368       0        2.6857200000      (a')
    1367       0        2.6855900000      (a')
    1366       0        2.6685900000      (a')
    1365       0        2.6685800000      (a')
    1364       0        2.6624000000      (a')
    1363       0        2.6623900000      (a')
    1362       0        2.6392800000      (a')
    1361       0        2.6392800000      (a')
    1360       0        2.6310800000      (a')
    1359       0        2.6310700000      (a')
    1358       0        2.6259000000      (a')
    1357       0        2.6259000000      (a')
    1356       0        2.6193600000      (a")
    1355       0        2.6123500000      (a')
    1354       0        2.6121700000      (a')
    1353       0        2.6109600000      (a')
    1352       0        2.6060400000      (a")
    1351       0        2.6060400000      (a")
    1350       0        2.5862000000      (a')
    1349       0        2.5862000000      (a')
    1348       0        2.5809800000      (a')
    1347       0        2.5809800000      (a')
    1346       0        2.5800900000      (a')
    1345       0        2.5800900000      (a')
    1344       0        2.5784700000      (a")
    1343       0        2.5784700000      (a")
    1342       0        2.5712100000      (a')
    1341       0        2.5712000000      (a')
    1340       0        2.5684700000      (a')
    1339       0        2.5655300000      (a')
    1338       0        2.5652700000      (a')
    1337       0        2.5652400000      (a')
    1336       0        2.5604000000      (a")
    1335       0        2.5603900000      (a")
    1334       0        2.5584400000      (a")
    1333       0        2.5584300000      (a")
    1332       0        2.5489800000      (a')
    1331       0        2.5489500000      (a')
    1330       0        2.5326000000      (a')
    1329       0        2.5325900000      (a')
    1328       0        2.5277100000      (a')
    1327       0        2.5277100000      (a')
    1326       0        2.5037300000      (a')
    1325       0        2.5036800000      (a')
    1324       0        2.4948800000      (a')
    1323       0        2.4948700000      (a')
    1322       0        2.4862400000      (a')
    1321       0        2.4862200000      (a')
    1320       0        2.4851400000      (a')
    1319       0        2.4851200000      (a')
    1318       0        2.4615200000      (a')
    1317       0        2.4497000000      (a')
    1316       0        2.4497000000      (a')
    1315       0        2.4448000000      (a')
    1314       0        2.4433600000      (a')
    1313       0        2.4433400000      (a')
    1312       0        2.4338600000      (a")
    1311       0        2.4272800000      (a")
    1310       0        2.4272700000      (a")
    1309       0        2.4264600000      (a')
    1308       0        2.4264500000      (a')
    1307       0        2.4075500000      (a")
    1306       0        2.4075500000      (a")
    1305       0        2.4019400000      (a')
    1304       0        2.4019300000      (a')
    1303       0        2.3900100000      (a")
    1302       0        2.3900000000      (a")
    1301       0        2.3887000000      (a')
    1300       0        2.3887000000      (a')
    1299       0        2.3865500000      (a')
    1298       0        2.3865400000      (a')
    1297       0        2.3834900000      (a")
    1296       0        2.3834900000      (a")
    1295       0        2.3807600000      (a')
    1294       0        2.3723900000      (a')
    1293       0        2.3723800000      (a')
    1292       0        2.3357900000      (a')
    1291       0        2.3356800000      (a')
    1290       0        2.3261700000      (a")
    1289       0        2.3261600000      (a")
    1288       0        2.3046400000      (a")
    1287       0        2.3046300000      (a")
    1286       0        2.2938900000      (a')
    1285       0        2.2938500000      (a')
    1284       0        2.2933800000      (a')
    1283       0        2.2933700000      (a')
    1282       0        2.2857100000      (a')
    1281       0        2.2848200000      (a')
    1280       0        2.2848200000      (a')
    1279       0        2.2819700000      (a")
    1278       0        2.2819700000      (a")
    1277       0        2.2787400000      (a')
    1276       0        2.2695600000      (a')
    1275       0        2.2695600000      (a')
    1274       0        2.2346500000      (a")
    1273       0        2.2346400000      (a")
    1272       0        2.2289200000      (a")
    1271       0        2.2279900000      (a')
    1270       0        2.2279700000      (a')
    1269       0        2.2218700000      (a')
    1268       0        2.2218400000      (a')
    1267       0        2.2176900000      (a")
    1266       0        2.2176800000      (a")
    1265       0        2.2096600000      (a')
    1264       0        2.2096500000      (a')
    1263       0        2.2091000000      (a')
    1262       0        2.2090900000      (a')
    1261       0        2.1994300000      (a')
    1260       0        2.1993700000      (a')
    1259       0        2.1992100000      (a')
    1258       0        2.1964800000      (a")
    1257       0        2.1964700000      (a")
    1256       0        2.1816600000      (a')
    1255       0        2.1816600000      (a')
    1254       0        2.1803300000      (a")
    1253       0        2.1803200000      (a")
    1252       0        2.1769500000      (a')
    1251       0        2.1769400000      (a')
    1250       0        2.1743000000      (a")
    1249       0        2.1742800000      (a")
    1248       0        2.1543300000      (a')
    1247       0        2.1543200000      (a')
    1246       0        2.1535800000      (a")
    1245       0        2.1535600000      (a")
    1244       0        2.1478400000      (a')
    1243       0        2.1478400000      (a')
    1242       0        2.1400500000      (a')
    1241       0        2.1400200000      (a')
    1240       0        2.1377800000      (a')
    1239       0        2.1336500000      (a')
    1238       0        2.1336500000      (a')
    1237       0        2.1249100000      (a")
    1236       0        2.1249100000      (a")
    1235       0        2.1241500000      (a")
    1234       0        2.1241100000      (a')
    1233       0        2.1241100000      (a')
    1232       0        2.1170200000      (a")
    1231       0        2.1128800000      (a')
    1230       0        2.1128100000      (a')
    1229       0        2.1112800000      (a')
    1228       0        2.1112200000      (a')
    1227       0        2.1081200000      (a")
    1226       0        2.1081100000      (a")
    1225       0        2.0950400000      (a')
    1224       0        2.0947600000      (a')
    1223       0        2.0931600000      (a")
    1222       0        2.0931600000      (a")
    1221       0        2.0928300000      (a')
    1220       0        2.0928100000      (a')
    1219       0        2.0753500000      (a")
    1218       0        2.0733700000      (a')
    1217       0        2.0732300000      (a')
    1216       0        2.0661900000      (a')
    1215       0        2.0661800000      (a')
    1214       0        2.0636600000      (a')
    1213       0        2.0636500000      (a')
    1212       0        2.0597000000      (a')
    1211       0        2.0596600000      (a')
    1210       0        2.0566000000      (a')
    1209       0        2.0565600000      (a')
    1208       0        2.0520200000      (a')
    1207       0        2.0520100000      (a')
    1206       0        2.0487300000      (a')
    1205       0        2.0444900000      (a')
    1204       0        2.0444800000      (a')
    1203       0        2.0419000000      (a")
    1202       0        2.0418600000      (a")
    1201       0        2.0318800000      (a')
    1200       0        2.0262500000      (a')
    1199       0        2.0262400000      (a')
    1198       0        2.0257200000      (a')
    1197       0        2.0256900000      (a')
    1196       0        2.0208800000      (a')
    1195       0        2.0208700000      (a')
    1194       0        2.0186200000      (a')
    1193       0        2.0163500000      (a")
    1192       0        2.0163300000      (a")
    1191       0        2.0163300000      (a")
    1190       0        2.0163100000      (a")
    1189       0        2.0132100000      (a')
    1188       0        2.0132000000      (a')
    1187       0        2.0032500000      (a')
    1186       0        2.0031900000      (a')
    1185       0        1.9843000000      (a")
    1184       0        1.9842600000      (a")
    1183       0        1.9832200000      (a')
    1182       0        1.9830800000      (a')
    1181       0        1.9802600000      (a")
    1180       0        1.9746000000      (a")
    1179       0        1.9745500000      (a")
    1178       0        1.9743500000      (a')
    1177       0        1.9743400000      (a')
    1176       0        1.9607500000      (a')
    1175       0        1.9607500000      (a')
    1174       0        1.9510600000      (a")
    1173       0        1.9510300000      (a")
    1172       0        1.9460800000      (a")
    1171       0        1.9460600000      (a")
    1170       0        1.9409400000      (a")
    1169       0        1.9409400000      (a")
    1168       0        1.9399100000      (a')
    1167       0        1.9342100000      (a')
    1166       0        1.9341600000      (a')
    1165       0        1.9291100000      (a')
    1164       0        1.9291000000      (a')
    1163       0        1.9117900000      (a')
    1162       0        1.9117900000      (a')
    1161       0        1.9054300000      (a')
    1160       0        1.9053700000      (a')
    1159       0        1.8938700000      (a")
    1158       0        1.8938700000      (a")
    1157       0        1.8876400000      (a')
    1156       0        1.8875900000      (a')
    1155       0        1.8858000000      (a")
    1154       0        1.8857900000      (a")
    1153       0        1.8850200000      (a')
    1152       0        1.8850100000      (a')
    1151       0        1.8783700000      (a')
    1150       0        1.8783500000      (a')
    1149       0        1.8778800000      (a")
    1148       0        1.8778700000      (a")
    1147       0        1.8754200000      (a')
    1146       0        1.8700800000      (a')
    1145       0        1.8700700000      (a')
    1144       0        1.8594100000      (a')
    1143       0        1.8556200000      (a")
    1142       0        1.8555600000      (a")
    1141       0        1.8537000000      (a')
    1140       0        1.8535600000      (a')
    1139       0        1.8443900000      (a")
    1138       0        1.8413900000      (a')
    1137       0        1.8413300000      (a')
    1136       0        1.8406800000      (a')
    1135       0        1.8406800000      (a')
    1134       0        1.8370800000      (a')
    1133       0        1.8370800000      (a')
    1132       0        1.8344100000      (a")
    1131       0        1.8344100000      (a")
    1130       0        1.8322700000      (a')
    1129       0        1.8322700000      (a')
    1128       0        1.8285500000      (a")
    1127       0        1.8249700000      (a')
    1126       0        1.8249600000      (a')
    1125       0        1.8195900000      (a")
    1124       0        1.8195700000      (a")
    1123       0        1.8121300000      (a")
    1122       0        1.8121200000      (a")
    1121       0        1.8117500000      (a")
    1120       0        1.8117400000      (a")
    1119       0        1.8113100000      (a")
    1118       0        1.8113100000      (a")
    1117       0        1.8097800000      (a")
    1116       0        1.8097700000      (a")
    1115       0        1.8002900000      (a')
    1114       0        1.8002900000      (a')
    1113       0        1.7962700000      (a')
    1112       0        1.7962500000      (a')
    1111       0        1.7958500000      (a')
    1110       0        1.7958300000      (a')
    1109       0        1.7813400000      (a')
    1108       0        1.7692300000      (a')
    1107       0        1.7692200000      (a')
    1106       0        1.7691900000      (a')
    1105       0        1.7683400000      (a")
    1104       0        1.7683200000      (a")
    1103       0        1.7672500000      (a')
    1102       0        1.7672400000      (a')
    1101       0        1.7653100000      (a')
    1100       0        1.7653000000      (a')
    1099       0        1.7436500000      (a')
    1098       0        1.7436400000      (a')
    1097       0        1.7417400000      (a')
    1096       0        1.7417200000      (a')
    1095       0        1.7379000000      (a")
    1094       0        1.7378800000      (a")
    1093       0        1.7360700000      (a")
    1092       0        1.7265100000      (a')
    1091       0        1.7144100000      (a')
    1090       0        1.7144000000      (a')
    1089       0        1.7107300000      (a")
    1088       0        1.7088700000      (a")
    1087       0        1.7088500000      (a")
    1086       0        1.7038800000      (a')
    1085       0        1.7038800000      (a')
    1084       0        1.7025000000      (a')
    1083       0        1.6951100000      (a")
    1082       0        1.6951100000      (a")
    1081       0        1.6921000000      (a')
    1080       0        1.6920800000      (a')
    1079       0        1.6823200000      (a")
    1078       0        1.6823100000      (a")
    1077       0        1.6820000000      (a')
    1076       0        1.6819500000      (a')
    1075       0        1.6750500000      (a")
    1074       0        1.6750500000      (a")
    1073       0        1.6721200000      (a')
    1072       0        1.6721200000      (a')
    1071       0        1.6706000000      (a')
    1070       0        1.6705900000      (a')
    1069       0        1.6660800000      (a')
    1068       0        1.6660500000      (a')
    1067       0        1.6606300000      (a")
    1066       0        1.6580100000      (a')
    1065       0        1.6580100000      (a')
    1064       0        1.6563700000      (a")
    1063       0        1.6563700000      (a")
    1062       0        1.6478700000      (a")
    1061       0        1.6478700000      (a")
    1060       0        1.6455900000      (a')
    1059       0        1.6449000000      (a')
    1058       0        1.6448900000      (a')
    1057       0        1.6448000000      (a")
    1056       0        1.6448000000      (a")
    1055       0        1.6439400000      (a")
    1054       0        1.6439400000      (a")
    1053       0        1.6363400000      (a')
    1052       0        1.6363200000      (a')
    1051       0        1.6269800000      (a')
    1050       0        1.6269500000      (a')
    1049       0        1.6174700000      (a')
    1048       0        1.6174700000      (a')
    1047       0        1.6134300000      (a")
    1046       0        1.6134300000      (a")
    1045       0        1.6082800000      (a")
    1044       0        1.6019500000      (a')
    1043       0        1.6019400000      (a')
    1042       0        1.6006600000      (a")
    1041       0        1.6006600000      (a")
    1040       0        1.5945200000      (a')
    1039       0        1.5795300000      (a")
    1038       0        1.5795300000      (a")
    1037       0        1.5778300000      (a')
    1036       0        1.5777800000      (a')
    1035       0        1.5693200000      (a")
    1034       0        1.5693100000      (a")
    1033       0        1.5692000000      (a')
    1032       0        1.5691400000      (a')
    1031       0        1.5632400000      (a')
    1030       0        1.5632200000      (a')
    1029       0        1.5373000000      (a')
    1028       0        1.5260700000      (a')
    1027       0        1.5260300000      (a')
    1026       0        1.5225200000      (a")
    1025       0        1.5225200000      (a")
    1024       0        1.5185200000      (a")
    1023       0        1.5185100000      (a")
    1022       0        1.5163200000      (a')
    1021       0        1.5163000000      (a')
    1020       0        1.5158500000      (a')
    1019       0        1.5158400000      (a')
    1018       0        1.5096300000      (a")
    1017       0        1.5096200000      (a")
    1016       0        1.5059100000      (a")
    1015       0        1.5051500000      (a")
    1014       0        1.5051200000      (a")
    1013       0        1.5039700000      (a')
    1012       0        1.5039500000      (a')
    1011       0        1.4729900000      (a')
    1010       0        1.4729800000      (a')
    1009       0        1.4682200000      (a')
    1008       0        1.4682000000      (a')
    1007       0        1.4393400000      (a')
    1006       0        1.4393400000      (a')
    1005       0        1.4281300000      (a')
    1004       0        1.4280800000      (a')
    1003       0        1.4230400000      (a')
    1002       0        1.4230300000      (a')
    1001       0        1.4189000000      (a')
    1000       0        1.4189000000      (a')
     999       0        1.4103800000      (a')
     998       0        1.3974200000      (a')
     997       0        1.3974200000      (a')
     996       0        1.3969200000      (a')
     995       0        1.3969200000      (a')
     994       0        1.3825100000      (a')
     993       0        1.3659000000      (a')
     992       0        1.3659000000      (a')
     991       0        1.3619400000      (a')
     990       0        1.3619200000      (a')
     989       0        1.3483800000      (a')
     988       0        1.3483700000      (a')
     987       0        1.3469900000      (a')
     986       0        1.3422700000      (a')
     985       0        1.3422700000      (a')
     984       0        1.3257900000      (a')
     983       0        1.3257100000      (a')
     982       0        1.3257000000      (a')
     981       0        1.3084400000      (a')
     980       0        1.3084300000      (a')
     979       0        1.2951300000      (a')
     978       0        1.2951300000      (a')
     977       0        1.2930900000      (a')
     976       0        1.2930900000      (a')
     975       0        1.2851700000      (a')
     974       0        1.2851600000      (a')
     973       0        1.2784900000      (a')
     972       0        1.2740400000      (a')
     971       0        1.2740200000      (a')
     970       0        1.2569600000      (a')
     969       0        1.2432500000      (a')
     968       0        1.2432000000      (a')
     967       0        1.2420000000      (a')
     966       0        1.2419900000      (a')
     965       0        1.2388700000      (a")
     964       0        1.2388600000      (a")
     963       0        1.2384900000      (a")
     962       0        1.2384900000      (a")
     961       0        1.2351600000      (a")
     960       0        1.2351500000      (a")
     959       0        1.2335000000      (a')
     958       0        1.2334800000      (a')
     957       0        1.2270200000      (a")
     956       0        1.2270200000      (a")
     955       0        1.2236200000      (a")
     954       0        1.2151200000      (a")
     953       0        1.2114200000      (a')
     952       0        1.2093400000      (a")
     951       0        1.2093300000      (a")
     950       0        1.2046300000      (a')
     949       0        1.2045500000      (a')
     948       0        1.2004700000      (a')
     947       0        1.2004600000      (a')
     946       0        1.1952000000      (a")
     945       0        1.1951900000      (a")
     944       0        1.1912300000      (a')
     943       0        1.1912200000      (a')
     942       0        1.1910800000      (a')
     941       0        1.1910700000      (a')
     940       0        1.1860700000      (a')
     939       0        1.1860700000      (a')
     938       0        1.1805800000      (a")
     937       0        1.1805700000      (a")
     936       0        1.1789800000      (a")
     935       0        1.1789700000      (a")
     934       0        1.1746900000      (a')
     933       0        1.1746800000      (a')
     932       0        1.1734200000      (a')
     931       0        1.1707700000      (a')
     930       0        1.1707600000      (a')
     929       0        1.1673900000      (a")
     928       0        1.1673900000      (a")
     927       0        1.1642600000      (a')
     926       0        1.1642200000      (a')
     925       0        1.1590700000      (a")
     924       0        1.1590700000      (a")
     923       0        1.1483600000      (a")
     922       0        1.1472200000      (a')
     921       0        1.1472200000      (a')
     920       0        1.1467600000      (a")
     919       0        1.1467500000      (a")
     918       0        1.1441100000      (a")
     917       0        1.1441000000      (a")
     916       0        1.1414400000      (a")
     915       0        1.1414300000      (a")
     914       0        1.1400300000      (a")
     913       0        1.1400300000      (a")
     912       0        1.1362100000      (a')
     911       0        1.1361900000      (a')
     910       0        1.1352800000      (a')
     909       0        1.1352700000      (a')
     908       0        1.1352100000      (a')
     907       0        1.1340200000      (a")
     906       0        1.1340200000      (a")
     905       0        1.1312100000      (a')
     904       0        1.1312000000      (a')
     903       0        1.1264800000      (a")
     902       0        1.1264700000      (a")
     901       0        1.1255700000      (a")
     900       0        1.1129000000      (a')
     899       0        1.1129000000      (a')
     898       0        1.1121700000      (a')
     897       0        1.1121500000      (a')
     896       0        1.1040700000      (a")
     895       0        1.1040600000      (a")
     894       0        1.1022000000      (a")
     893       0        1.1022000000      (a")
     892       0        1.0988400000      (a")
     891       0        1.0988400000      (a")
     890       0        1.0960700000      (a')
     889       0        1.0960600000      (a')
     888       0        1.0878900000      (a')
     887       0        1.0878800000      (a')
     886       0        1.0871600000      (a')
     885       0        1.0871600000      (a')
     884       0        1.0868600000      (a')
     883       0        1.0868300000      (a')
     882       0        1.0807100000      (a')
     881       0        1.0807100000      (a')
     880       0        1.0801000000      (a")
     879       0        1.0801000000      (a")
     878       0        1.0798700000      (a")
     877       0        1.0798700000      (a")
     876       0        1.0795900000      (a')
     875       0        1.0795800000      (a')
     874       0        1.0778500000      (a')
     873       0        1.0773500000      (a')
     872       0        1.0773500000      (a')
     871       0        1.0770900000      (a')
     870       0        1.0717200000      (a')
     869       0        1.0717200000      (a')
     868       0        1.0697500000      (a')
     867       0        1.0697400000      (a')
     866       0        1.0659200000      (a")
     865       0        1.0659100000      (a")
     864       0        1.0636700000      (a')
     863       0        1.0636500000      (a')
     862       0        1.0632100000      (a')
     861       0        1.0591300000      (a")
     860       0        1.0555700000      (a')
     859       0        1.0555500000      (a')
     858       0        1.0536500000      (a')
     857       0        1.0536400000      (a')
     856       0        1.0501200000      (a')
     855       0        1.0501200000      (a')
     854       0        1.0446800000      (a')
     853       0        1.0446800000      (a')
     852       0        1.0444700000      (a")
     851       0        1.0444700000      (a")
     850       0        1.0438100000      (a')
     849       0        1.0438000000      (a')
     848       0        1.0429400000      (a')
     847       0        1.0429400000      (a')
     846       0        1.0419900000      (a')
     845       0        1.0419700000      (a')
     844       0        1.0384800000      (a')
     843       0        1.0294800000      (a")
     842       0        1.0294800000      (a")
     841       0        1.0259900000      (a')
     840       0        1.0259900000      (a')
     839       0        1.0240600000      (a')
     838       0        1.0234700000      (a')
     837       0        1.0234400000      (a')
     836       0        1.0214400000      (a')
     835       0        1.0214300000      (a')
     834       0        1.0168900000      (a")
     833       0        1.0116500000      (a')
     832       0        1.0116400000      (a')
     831       0        1.0098600000      (a')
     830       0        1.0098500000      (a')
     829       0        0.9906600000      (a')
     828       0        0.9906500000      (a')
     827       0        0.9899300000      (a')
     826       0        0.9899000000      (a')
     825       0        0.9877400000      (a')
     824       0        0.9876800000      (a')
     823       0        0.9865300000      (a')
     822       0        0.9865300000      (a')
     821       0        0.9798900000      (a')
     820       0        0.9798900000      (a')
     819       0        0.9760700000      (a')
     818       0        0.9760500000      (a')
     817       0        0.9670000000      (a')
     816       0        0.9669900000      (a')
     815       0        0.9633000000      (a")
     814       0        0.9631200000      (a')
     813       0        0.9631100000      (a')
     812       0        0.9570600000      (a')
     811       0        0.9570400000      (a')
     810       0        0.9551600000      (a')
     809       0        0.9535300000      (a')
     808       0        0.9535200000      (a')
     807       0        0.9533700000      (a')
     806       0        0.9533600000      (a')
     805       0        0.9473200000      (a')
     804       0        0.9473000000      (a')
     803       0        0.9293900000      (a')
     802       0        0.9293900000      (a')
     801       0        0.9199500000      (a")
     800       0        0.9199500000      (a")
     799       0        0.9197100000      (a')
     798       0        0.9197000000      (a')
     797       0        0.9142100000      (a')
     796       0        0.9070000000      (a')
     795       0        0.9069900000      (a')
     794       0        0.9045300000      (a')
     793       0        0.9045300000      (a')
     792       0        0.9045100000      (a')
     791       0        0.9044700000      (a')
     790       0        0.8979800000      (a')
     789       0        0.8979700000      (a')
     788       0        0.8826300000      (a')
     787       0        0.8826200000      (a')
     786       0        0.8749500000      (a")
     785       0        0.8749500000      (a")
     784       0        0.8718300000      (a')
     783       0        0.8703800000      (a')
     782       0        0.8703800000      (a')
     781       0        0.8700300000      (a')
     780       0        0.8700300000      (a')
     779       0        0.8620100000      (a')
     778       0        0.8620000000      (a')
     777       0        0.8555100000      (a")
     776       0        0.8552400000      (a')
     775       0        0.8552400000      (a")
     774       0        0.8552400000      (a")
     773       0        0.8552300000      (a')
     772       0        0.8520300000      (a')
     771       0        0.8520200000      (a')
     770       0        0.8503000000      (a")
     769       0        0.8503000000      (a")
     768       0        0.8480300000      (a')
     767       0        0.8480300000      (a')
     766       0        0.8426300000      (a')
     765       0        0.8426300000      (a')
     764       0        0.8417600000      (a")
     763       0        0.8417600000      (a")
     762       0        0.8398000000      (a')
     761       0        0.8309600000      (a")
     760       0        0.8309600000      (a")
     759       0        0.8300700000      (a')
     758       0        0.8246000000      (a')
     757       0        0.8245900000      (a')
     756       0        0.8203300000      (a")
     755       0        0.8203200000      (a")
     754       0        0.8191000000      (a')
     753       0        0.8191000000      (a')
     752       0        0.8127100000      (a')
     751       0        0.8127000000      (a')
     750       0        0.8079800000      (a")
     749       0        0.8079500000      (a")
     748       0        0.8057600000      (a")
     747       0        0.8057500000      (a")
     746       0        0.8055600000      (a')
     745       0        0.8055500000      (a')
     744       0        0.8015200000      (a')
     743       0        0.8015200000      (a')
     742       0        0.7978500000      (a')
     741       0        0.7957700000      (a')
     740       0        0.7957700000      (a')
     739       0        0.7951800000      (a")
     738       0        0.7951800000      (a")
     737       0        0.7849100000      (a')
     736       0        0.7848800000      (a')
     735       0        0.7808900000      (a")
     734       0        0.7808900000      (a")
     733       0        0.7711900000      (a')
     732       0        0.7707700000      (a")
     731       0        0.7673600000      (a")
     730       0        0.7673600000      (a")
     729       0        0.7653200000      (a')
     728       0        0.7653200000      (a')
     727       0        0.7627400000      (a")
     726       0        0.7627400000      (a")
     725       0        0.7537000000      (a')
     724       0        0.7536900000      (a')
     723       0        0.7483600000      (a")
     722       0        0.7483500000      (a")
     721       0        0.7460800000      (a")
     720       0        0.7450800000      (a')
     719       0        0.7450700000      (a')
     718       0        0.7416100000      (a")
     717       0        0.7416100000      (a")
     716       0        0.7409700000      (a')
     715       0        0.7409600000      (a')
     714       0        0.7404100000      (a')
     713       0        0.7404100000      (a')
     712       0        0.7400600000      (a')
     711       0        0.7400500000      (a')
     710       0        0.7381400000      (a')
     709       0        0.7381300000      (a')
     708       0        0.7350500000      (a")
     707       0        0.7350200000      (a")
     706       0        0.7306700000      (a")
     705       0        0.7306700000      (a")
     704       0        0.7263200000      (a')
     703       0        0.7263100000      (a')
     702       0        0.7245900000      (a")
     701       0        0.7245900000      (a")
     700       0        0.7217100000      (a')
     699       0        0.7217100000      (a')
     698       0        0.7215100000      (a')
     697       0        0.7214800000      (a')
     696       0        0.7120400000      (a')
     695       0        0.7120400000      (a')
     694       0        0.7102200000      (a")
     693       0        0.7102200000      (a")
     692       0        0.7060500000      (a")
     691       0        0.7060400000      (a")
     690       0        0.7060200000      (a')
     689       0        0.7046300000      (a')
     688       0        0.7046300000      (a')
     687       0        0.7042900000      (a')
     686       0        0.7042400000      (a')
     685       0        0.7040800000      (a')
     684       0        0.7040700000      (a')
     683       0        0.7034100000      (a')
     682       0        0.7033800000      (a')
     681       0        0.7025300000      (a")
     680       0        0.6990400000      (a')
     679       0        0.6971000000      (a")
     678       0        0.6971000000      (a")
     677       0        0.6943700000      (a')
     676       0        0.6943700000      (a')
     675       0        0.6937100000      (a')
     674       0        0.6932700000      (a')
     673       0        0.6932600000      (a')
     672       0        0.6829900000      (a')
     671       0        0.6820400000      (a')
     670       0        0.6820400000      (a')
     669       0        0.6805700000      (a')
     668       0        0.6805700000      (a')
     667       0        0.6801600000      (a")
     666       0        0.6801600000      (a")
     665       0        0.6785300000      (a')
     664       0        0.6771400000      (a")
     663       0        0.6771400000      (a")
     662       0        0.6743700000      (a")
     661       0        0.6743700000      (a")
     660       0        0.6712100000      (a")
     659       0        0.6659900000      (a")
     658       0        0.6659900000      (a")
     657       0        0.6596800000      (a')
     656       0        0.6596500000      (a')
     655       0        0.6541500000      (a')
     654       0        0.6530700000      (a')
     653       0        0.6530700000      (a')
     652       0        0.6510800000      (a')
     651       0        0.6510800000      (a')
     650       0        0.6501600000      (a')
     649       0        0.6501500000      (a')
     648       0        0.6489600000      (a")
     647       0        0.6489600000      (a")
     646       0        0.6488300000      (a")
     645       0        0.6488300000      (a")
     644       0        0.6446300000      (a')
     643       0        0.6446200000      (a')
     642       0        0.6442200000      (a')
     641       0        0.6442200000      (a')
     640       0        0.6378100000      (a')
     639       0        0.6378100000      (a')
     638       0        0.6362400000      (a')
     637       0        0.6362100000      (a')
     636       0        0.6358200000      (a')
     635       0        0.6303700000      (a')
     634       0        0.6303300000      (a')
     633       0        0.6246200000      (a")
     632       0        0.6246000000      (a")
     631       0        0.6236400000      (a')
     630       0        0.6236400000      (a')
     629       0        0.6227200000      (a')
     628       0        0.6227200000      (a')
     627       0        0.6176600000      (a')
     626       0        0.6176600000      (a')
     625       0        0.6159300000      (a")
     624       0        0.6159200000      (a")
     623       0        0.6157400000      (a')
     622       0        0.6134800000      (a")
     621       0        0.6113200000      (a')
     620       0        0.6113100000      (a')
     619       0        0.6036600000      (a")
     618       0        0.6036600000      (a")
     617       0        0.5980600000      (a')
     616       0        0.5980500000      (a')
     615       0        0.5935000000      (a')
     614       0        0.5935000000      (a')
     613       0        0.5925400000      (a")
     612       0        0.5925400000      (a")
     611       0        0.5856900000      (a")
     610       0        0.5856900000      (a")
     609       0        0.5828900000      (a')
     608       0        0.5828800000      (a')
     607       0        0.5799400000      (a")
     606       0        0.5759400000      (a')
     605       0        0.5759400000      (a')
     604       0        0.5494300000      (a')
     603       0        0.5494300000      (a')
     602       0        0.5451100000      (a')
     601       0        0.5451000000      (a')
     600       0        0.5446700000      (a')
     599       0        0.5434000000      (a')
     598       0        0.5433900000      (a')
     597       0        0.5381300000      (a')
     596       0        0.5381300000      (a')
     595       0        0.5321600000      (a")
     594       0        0.5294000000      (a')
     593       0        0.5293900000      (a')
     592       0        0.5270900000      (a')
     591       0        0.5270900000      (a')
     590       0        0.5222900000      (a')
     589       0        0.5222800000      (a')
     588       0        0.5207400000      (a')
     587       0        0.5207300000      (a')
     586       0        0.5175500000      (a')
     585       0        0.5170200000      (a')
     584       0        0.5170200000      (a')
     583       0        0.5145000000      (a')
     582       0        0.5145000000      (a')
     581       0        0.5122400000      (a')
     580       0        0.5122400000      (a')
     579       0        0.4996600000      (a')
     578       0        0.4996600000      (a')
     577       0        0.4955600000      (a')
     576       0        0.4931400000      (a')
     575       0        0.4902700000      (a')
     574       0        0.4902700000      (a')
     573       0        0.4879000000      (a')
     572       0        0.4879000000      (a')
     571       0        0.4806500000      (a')
     570       0        0.4806300000      (a')
     569       0        0.4784700000      (a')
     568       0        0.4784700000      (a')
     567       0        0.4784600000      (a')
     566       0        0.4784400000      (a')
     565       0        0.4782700000      (a')
     564       0        0.4738300000      (a')
     563       0        0.4738200000      (a')
     562       0        0.4657000000      (a")
     561       0        0.4656700000      (a")
     560       0        0.4602600000      (a')
     559       0        0.4602600000      (a')
     558       0        0.4592500000      (a')
     557       0        0.4592500000      (a')
     556       0        0.4550900000      (a')
     555       0        0.4550500000      (a')
     554       0        0.4501700000      (a')
     553       0        0.4461100000      (a')
     552       0        0.4461100000      (a')
     551       0        0.4394600000      (a')
     550       0        0.4394400000      (a')
     549       0        0.4357000000      (a')
     548       0        0.4356900000      (a')
     547       0        0.4344400000      (a')
     546       0        0.4344300000      (a')
     545       0        0.4334700000      (a')
     544       0        0.4334600000      (a')
     543       0        0.4330500000      (a')
     542       0        0.4301500000      (a")
     541       0        0.4301500000      (a")
     540       0        0.4295900000      (a")
     539       0        0.4295800000      (a")
     538       0        0.4264400000      (a')
     537       0        0.4264300000      (a')
     536       0        0.4237100000      (a')
     535       0        0.4194900000      (a')
     534       0        0.4194900000      (a')
     533       0        0.4136300000      (a')
     532       0        0.4136300000      (a')
     531       0        0.4084700000      (a')
     530       0        0.4084600000      (a')
     529       0        0.4060400000      (a')
     528       0        0.4057400000      (a')
     527       0        0.4057300000      (a')
     526       0        0.4055900000      (a')
     525       0        0.4041400000      (a')
     524       0        0.4041300000      (a')
     523       0        0.4025100000      (a')
     522       0        0.4025100000      (a')
     521       0        0.3993400000      (a')
     520       0        0.3993400000      (a')
     519       0        0.3983700000      (a")
     518       0        0.3983700000      (a")
     517       0        0.3901100000      (a')
     516       0        0.3901000000      (a')
     515       0        0.3865200000      (a')
     514       0        0.3865200000      (a')
     513       0        0.3857900000      (a')
     512       0        0.3857900000      (a')
     511       0        0.3838300000      (a')
     510       0        0.3820200000      (a')
     509       0        0.3820100000      (a')
     508       0        0.3808600000      (a')
     507       0        0.3808500000      (a')
     506       0        0.3802000000      (a')
     505       0        0.3802000000      (a')
     504       0        0.3787800000      (a')
     503       0        0.3787800000      (a')
     502       0        0.3720200000      (a')
     501       0        0.3720200000      (a')
     500       0        0.3712500000      (a')
     499       0        0.3694500000      (a')
     498       0        0.3694400000      (a')
     497       0        0.3690600000      (a')
     496       0        0.3690600000      (a')
     495       0        0.3660700000      (a")
     494       0        0.3620400000      (a")
     493       0        0.3620400000      (a")
     492       0        0.3616200000      (a')
     491       0        0.3616200000      (a')
     490       0        0.3593600000      (a')
     489       0        0.3593600000      (a')
     488       0        0.3563300000      (a")
     487       0        0.3563300000      (a")
     486       0        0.3515800000      (a')
     485       0        0.3515800000      (a')
     484       0        0.3471800000      (a')
     483       0        0.3471500000      (a')
     482       0        0.3469900000      (a')
     481       0        0.3469900000      (a')
     480       0        0.3358100000      (a')
     479       0        0.3358100000      (a')
     478       0        0.3345100000      (a")
     477       0        0.3345000000      (a")
     476       0        0.3338300000      (a')
     475       0        0.3338300000      (a')
     474       0        0.3331100000      (a')
     473       0        0.3331100000      (a')
     472       0        0.3313200000      (a')
     471       0        0.3313200000      (a')
     470       0        0.3264300000      (a')
     469       0        0.3258500000      (a')
     468       0        0.3258500000      (a')
     467       0        0.3254400000      (a")
     466       0        0.3254400000      (a")
     465       0        0.3253900000      (a')
     464       0        0.3253800000      (a')
     463       0        0.3238100000      (a")
     462       0        0.3238100000      (a")
     461       0        0.3220200000      (a')
     460       0        0.3220000000      (a')
     459       0        0.3186400000      (a")
     458       0        0.3186400000      (a")
     457       0        0.3173500000      (a')
     456       0        0.3119400000      (a')
     455       0        0.3119300000      (a')
     454       0        0.3043700000      (a')
     453       0        0.3043700000      (a')
     452       0        0.3036800000      (a")
     451       0        0.3036800000      (a")
     450       0        0.2999400000      (a')
     449       0        0.2999100000      (a')
     448       0        0.2973700000      (a')
     447       0        0.2973700000      (a')
     446       0        0.2965000000      (a')
     445       0        0.2965000000      (a')
     444       0        0.2903700000      (a')
     443       0        0.2903600000      (a')
     442       0        0.2902800000      (a')
     441       0        0.2902800000      (a')
     440       0        0.2901500000      (a")
     439       0        0.2901400000      (a")
     438       0        0.2901300000      (a')
     437       0        0.2885100000      (a")
     436       0        0.2885000000      (a")
     435       0        0.2876300000      (a')
     434       0        0.2876200000      (a')
     433       0        0.2872600000      (a')
     432       0        0.2858800000      (a")
     431       0        0.2858800000      (a")
     430       0        0.2846600000      (a')
     429       0        0.2846500000      (a')
     428       0        0.2809900000      (a')
     427       0        0.2809800000      (a')
     426       0        0.2791500000      (a")
     425       0        0.2791400000      (a")
     424       0        0.2785200000      (a')
     423       0        0.2771500000      (a')
     422       0        0.2771500000      (a')
     421       0        0.2755600000      (a")
     420       0        0.2733000000      (a')
     419       0        0.2732700000      (a')
     418       0        0.2689400000      (a')
     417       0        0.2687800000      (a')
     416       0        0.2687800000      (a')
     415       0        0.2673200000      (a')
     414       0        0.2673100000      (a')
     413       0        0.2672900000      (a')
     412       0        0.2672900000      (a')
     411       0        0.2656000000      (a")
     410       0        0.2642600000      (a')
     409       0        0.2642600000      (a')
     408       0        0.2639400000      (a")
     407       0        0.2639300000      (a")
     406       0        0.2634600000      (a')
     405       0        0.2634600000      (a')
     404       0        0.2604800000      (a")
     403       0        0.2604600000      (a")
     402       0        0.2573800000      (a')
     401       0        0.2573800000      (a')
     400       0        0.2525700000      (a")
     399       0        0.2525700000      (a")
     398       0        0.2518300000      (a')
     397       0        0.2518200000      (a')
     396       0        0.2504500000      (a')
     395       0        0.2504400000      (a')
     394       0        0.2469500000      (a')
     393       0        0.2469500000      (a')
     392       0        0.2448500000      (a")
     391       0        0.2448300000      (a')
     390       0        0.2442800000      (a")
     389       0        0.2442800000      (a")
     388       0        0.2405500000      (a')
     387       0        0.2405400000      (a')
     386       0        0.2371200000      (a")
     385       0        0.2371000000      (a")
     384       0        0.2359300000      (a')
     383       0        0.2359200000      (a')
     382       0        0.2348900000      (a')
     381       0        0.2348900000      (a')
     380       0        0.2346000000      (a")
     379       0        0.2346000000      (a")
     378       0        0.2338000000      (a')
     377       0        0.2337900000      (a')
     376       0        0.2324700000      (a')
     375       0        0.2318500000      (a')
     374       0        0.2313100000      (a')
     373       0        0.2313000000      (a')
     372       0        0.2271100000      (a')
     371       0        0.2271100000      (a')
     370       0        0.2263500000      (a")
     369       0        0.2263500000      (a")
     368       0        0.2254500000      (a")
     367       0        0.2254500000      (a")
     366       0        0.2166000000      (a")
     365       0        0.2166000000      (a")
     364       0        0.2156500000      (a')
     363       0        0.2156500000      (a')
     362       0        0.2154200000      (a')
     361       0        0.2154200000      (a')
     360       0        0.2149000000      (a")
     359       0        0.2125100000      (a")
     358       0        0.2125100000      (a")
     357       0        0.2106100000      (a")
     356       0        0.2106000000      (a")
     355       0        0.2095300000      (a')
     354       0        0.2095300000      (a')
     353       0        0.2046200000      (a')
     352       0        0.2046200000      (a')
     351       0        0.2043700000      (a')
     350       0        0.2024100000      (a")
     349       0        0.2024100000      (a")
     348       0        0.2019100000      (a")
     347       0        0.2019100000      (a")
     346       0        0.2013000000      (a')
     345       0        0.2012900000      (a')
     344       0        0.1977200000      (a')
     343       0        0.1977200000      (a')
     342       0        0.1929400000      (a")
     341       0        0.1929300000      (a")
     340       0        0.1926100000      (a')
     339       0        0.1926100000      (a')
     338       0        0.1906500000      (a')
     337       0        0.1906400000      (a')
     336       0        0.1874400000      (a')
     335       0        0.1798100000      (a')
     334       0        0.1798100000      (a')
     333       0        0.1795700000      (a")
     332       0        0.1795600000      (a")
     331       0        0.1789300000      (a')
     330       0        0.1789300000      (a')
     329       0        0.1744200000      (a")
     328       0        0.1744200000      (a")
     327       0        0.1738000000      (a")
     326       0        0.1694600000      (a')
     325       0        0.1694600000      (a')
     324       0        0.1667200000      (a")
     323       0        0.1667200000      (a")
     322       0        0.1641400000      (a')
     321       0        0.1641300000      (a')
     320       0        0.1612100000      (a")
     319       0        0.1612100000      (a")
     318       0        0.1611500000      (a')
     317       0        0.1611500000      (a')
     316       0        0.1601400000      (a')
     315       0        0.1601300000      (a')
     314       0        0.1549800000      (a")
     313       0        0.1549800000      (a")
     312       0        0.1540400000      (a')
     311       0        0.1534000000      (a")
     310       0        0.1490200000      (a")
     309       0        0.1490200000      (a")
     308       0        0.1477400000      (a')
     307       0        0.1477400000      (a')
     306       0        0.1417100000      (a')
     305       0        0.1416900000      (a')
     304       0        0.1404300000      (a')
     303       0        0.1404300000      (a')
     302       0        0.1400400000      (a')
     301       0        0.1400300000      (a')
     300       0        0.1353300000      (a")
     299       0        0.1353200000      (a")
     298       0        0.1342500000      (a")
     297       0        0.1342500000      (a")
     296       0        0.1315800000      (a')
     295       0        0.1315800000      (a')
     294       0        0.1289600000      (a')
     293       0        0.1289400000      (a')
     292       0        0.1266600000      (a')
     291       0        0.1248800000      (a")
     290       0        0.1244800000      (a')
     289       0        0.1230700000      (a")
     288       0        0.1230700000      (a")
     287       0        0.1204400000      (a')
     286       0        0.1204400000      (a')
     285       0        0.1158700000      (a')
     284       0        0.1158700000      (a')
     283       0        0.1152200000      (a")
     282       0        0.1152100000      (a")
     281       0        0.1130300000      (a')
     280       0        0.1097300000      (a")
     279       0        0.1097300000      (a")
     278       0        0.1062900000      (a")
     277       0        0.1056100000      (a')
     276       0        0.1056000000      (a')
     275       0        0.1001500000      (a')
     274       0        0.1001400000      (a')
     273       0        0.0964400000      (a')
     272       0        0.0964400000      (a')
     271       0        0.0862200000      (a')
     270       0        0.0862200000      (a')
     269       0        0.0859200000      (a')
     268       0        0.0776200000      (a')
     267       0        0.0776200000      (a')
     266       0        0.0761500000      (a')
     265       0        0.0761500000      (a')
     264       0        0.0699400000      (a")
     263       0        0.0699400000      (a")
     262       0        0.0642600000      (a')
     261       0        0.0642600000      (a')
     260       0        0.0631200000      (a")
     259       0        0.0631100000      (a")
     258       0        0.0555000000      (a")
     257       0        0.0555000000      (a")
     256       0        0.0527800000      (a')
     255       0        0.0527800000      (a')
     254       0        0.0489000000      (a')
     253       0        0.0467400000      (a")
     252       0        0.0445800000      (a')
     251       0        0.0445800000      (a')
     250       0        0.0384100000      (a')
     249       0        0.0384100000      (a')
     248       0        0.0344200000      (a')
     247       0        0.0344200000      (a')
     246       0        0.0332700000      (a')
     245       0        0.0282600000      (a")
     244       0        0.0282600000      (a")
     243       0        0.0127200000      (a")
     242       0       -0.0141600000      (a")
     241       0       -0.0141600000      (a")
     240       0       -0.0191200000      (a")
     239       0       -0.0191200000      (a")
     238       0       -0.0478500000      (a")
     237       0       -0.0478600000      (a")
     236       0       -0.0566600000      (a")
     235       0       -0.0566600000      (a")
     234       2       -0.2360600000      (a")
     233       2       -0.2360600000      (a")
     232       2       -0.2515100000      (a")
     231       2       -0.2515200000      (a")
     230       2       -0.2642400000      (a")
     229       2       -0.2642500000      (a")
     228       2       -0.2727900000      (a")
     227       2       -0.3047200000      (a")
     226       2       -0.3047200000      (a")
     225       2       -0.3101500000      (a")
     224       2       -0.3310900000      (a")
     223       2       -0.3311000000      (a")
     222       2       -0.3574500000      (a")
     221       2       -0.3574500000      (a")
     220       2       -0.3592600000      (a")
     219       2       -0.3592600000      (a")
     218       2       -0.3724000000      (a")
     217       2       -0.3724000000      (a")
     216       2       -0.4131900000      (a')
     215       2       -0.4131900000      (a')
     214       2       -0.4133700000      (a")
     213       2       -0.4133700000      (a")
     212       2       -0.4141700000      (a")
     211       2       -0.4141700000      (a")
     210       2       -0.4173200000      (a')
     209       2       -0.4173200000      (a')
     208       2       -0.4176700000      (a')
     207       2       -0.4176700000      (a')
     206       2       -0.4218500000      (a")
     205       2       -0.4218500000      (a")
     204       2       -0.4239800000      (a')
     203       2       -0.4239800000      (a')
     202       2       -0.4248200000      (a")
     201       2       -0.4260900000      (a')
     200       2       -0.4332300000      (a")
     199       2       -0.4332400000      (a")
     198       2       -0.4437100000      (a')
     197       2       -0.4506200000      (a')
     196       2       -0.4506200000      (a')
     195       2       -0.4546900000      (a')
     194       2       -0.4547000000      (a')
     193       2       -0.4573600000      (a')
     192       2       -0.4573600000      (a')
     191       2       -0.4623000000      (a')
     190       2       -0.4623000000      (a')
     189       2       -0.4626000000      (a")
     188       2       -0.4626000000      (a")
     187       2       -0.4721700000      (a')
     186       2       -0.4721700000      (a')
     185       2       -0.4753500000      (a')
     184       2       -0.4753500000      (a')
     183       2       -0.4770700000      (a')
     182       2       -0.4770700000      (a')
     181       2       -0.4782100000      (a')
     180       2       -0.4782100000      (a')
     179       2       -0.4798400000      (a')
     178       2       -0.4830800000      (a')
     177       2       -0.4849900000      (a")
     176       2       -0.4849900000      (a")
     175       2       -0.4900000000      (a')
     174       2       -0.4900100000      (a')
     173       2       -0.4921400000      (a')
     172       2       -0.4921400000      (a')
     171       2       -0.5032200000      (a")
     170       2       -0.5032200000      (a")
     169       2       -0.5033700000      (a')
     168       2       -0.5033700000      (a')
     167       2       -0.5058900000      (a')
     166       2       -0.5058900000      (a')
     165       2       -0.5148300000      (a")
     164       2       -0.5148300000      (a")
     163       2       -0.5188000000      (a")
     162       2       -0.5212900000      (a')
     161       2       -0.5212900000      (a')
     160       2       -0.5264200000      (a')
     159       2       -0.5264400000      (a')
     158       2       -0.5374800000      (a')
     157       2       -0.5374900000      (a')
     156       2       -0.5409600000      (a')
     155       2       -0.5409600000      (a')
     154       2       -0.5495700000      (a')
     153       2       -0.5606100000      (a')
     152       2       -0.5606100000      (a')
     151       2       -0.5708600000      (a')
     150       2       -0.5708700000      (a')
     149       2       -0.5815500000      (a')
     148       2       -0.5815600000      (a')
     147       2       -0.5897700000      (a')
     146       2       -0.5897800000      (a')
     145       2       -0.5906800000      (a')
     144       2       -0.5917600000      (a')
     143       2       -0.5917600000      (a')
     142       2       -0.5953100000      (a')
     141       2       -0.5953100000      (a')
     140       2       -0.6062600000      (a')
     139       2       -0.6124300000      (a')
     138       2       -0.6124300000      (a')
     137       2       -0.6137500000      (a')
     136       2       -0.6137600000      (a')
     135       2       -0.6226800000      (a')
     134       2       -0.6226800000      (a')
     133       2       -0.6394100000      (a')
     132       2       -0.6394200000      (a')
     131       2       -0.6422300000      (a')
     130       2       -0.6422400000      (a')
     129       2       -0.6560600000      (a')
     128       2       -0.6560600000      (a')
     127       2       -0.6893400000      (a')
     126       2       -0.6920500000      (a')
     125       2       -0.6920600000      (a')
     124       2       -0.6926200000      (a')
     123       2       -0.6926200000      (a')
     122       2       -0.7033300000      (a')
     121       2       -0.7033400000      (a')
     120       2       -0.7079000000      (a')
     119       2       -0.7133000000      (a')
     118       2       -0.7138500000      (a')
     117       2       -0.7138500000      (a')
     116       2       -0.7402700000      (a')
     115       2       -0.7402700000      (a')
     114       2       -0.7464700000      (a')
     113       2       -0.7464700000      (a')
     112       2       -0.7645500000      (a')
     111       2       -0.7645500000      (a')
     110       2       -0.7806100000      (a')
     109       2       -0.7806100000      (a')
     108       2       -0.7959200000      (a')
     107       2       -0.7959200000      (a')
     106       2       -0.8114300000      (a')
     105       2       -0.8114300000      (a')
     104       2       -0.8245300000      (a')
     103       2       -0.8245300000      (a')
     102       2       -0.8274100000      (a')
     101       2       -0.8410100000      (a')
     100       2       -0.8530800000      (a')
      99       2       -0.8530800000      (a')
      98       2       -0.8574800000      (a')
      97       2       -0.8574900000      (a')
      96       2       -0.8769200000      (a')
      95       2       -0.8769200000      (a')
      94       2       -0.8774500000      (a')
      93       2       -0.8774600000      (a')
      92       2       -0.8868700000      (a')
      91       2       -0.8868700000      (a')
      90       2       -0.9230700000      (a')
      89       2       -0.9230700000      (a')
      88       2       -0.9241400000      (a')
      87       2       -0.9241500000      (a')
      86       2       -0.9272800000      (a')
      85       2       -0.9272900000      (a')
      84       2       -0.9291200000      (a')
      83       2       -0.9355500000      (a')
      82       2       -0.9355600000      (a')
      81       2       -0.9749600000      (a')
      80       2       -0.9749700000      (a')
      79       2       -0.9884000000      (a')
      78       2       -0.9884000000      (a')
      77       2       -1.0013600000      (a')
      76       2       -1.0013600000      (a')
      75       2       -1.0099100000      (a')
      74       2       -1.0099100000      (a')
      73       2       -1.0128600000      (a')
      72       2      -10.2743400000      (a')
      71       2      -10.2743400000      (a')
      70       2      -10.2743400000      (a')
      69       2      -10.2743500000      (a')
      68       2      -10.2743500000      (a')
      67       2      -10.2743600000      (a')
      66       2      -10.2743600000      (a')
      65       2      -10.2743600000      (a')
      64       2      -10.2743600000      (a')
      63       2      -10.2969600000      (a')
      62       2      -10.2969600000      (a')
      61       2      -10.2969600000      (a')
      60       2      -10.2969600000      (a')
      59       2      -10.2969600000      (a')
      58       2      -10.2969700000      (a')
      57       2      -10.2969700000      (a')
      56       2      -10.2969700000      (a')
      55       2      -10.2969700000      (a')
      54       2      -10.3030800000      (a')
      53       2      -10.3030800000      (a')
      52       2      -10.3030900000      (a')
      51       2      -10.3030900000      (a')
      50       2      -10.3030900000      (a')
      49       2      -10.3030900000      (a')
      48       2      -10.3031000000      (a')
      47       2      -10.3031000000      (a')
      46       2      -10.3031100000      (a')
      45       2      -10.3034500000      (a')
      44       2      -10.3034500000      (a')
      43       2      -10.3034500000      (a')
      42       2      -10.3034500000      (a')
      41       2      -10.3034600000      (a')
      40       2      -10.3034600000      (a')
      39       2      -10.3034700000      (a')
      38       2      -10.3034700000      (a')
      37       2      -10.3034800000      (a')
      36       2      -10.3084900000      (a')
      35       2      -10.3084900000      (a')
      34       2      -10.3085000000      (a')
      33       2      -10.3085000000      (a')
      32       2      -10.3085100000      (a')
      31       2      -10.3085100000      (a')
      30       2      -10.3085100000      (a')
      29       2      -10.3085100000      (a')
      28       2      -10.3085200000      (a')
      27       2      -10.3089100000      (a')
      26       2      -10.3089100000      (a')
      25       2      -10.3089100000      (a')
      24       2      -10.3089200000      (a')
      23       2      -10.3089300000      (a')
      22       2      -10.3089300000      (a')
      21       2      -10.3089400000      (a')
      20       2      -10.3089400000      (a')
      19       2      -10.3089400000      (a')
      18       2      -10.3154200000      (a')
      17       2      -10.3154200000      (a')
      16       2      -10.3154300000      (a')
      15       2      -10.3154300000      (a')
      14       2      -10.3154300000      (a')
      13       2      -10.3154300000      (a')
      12       2      -10.3154300000      (a')
      11       2      -10.3154300000      (a')
      10       2      -10.3154300000      (a')
       9       2      -10.3154300000      (a')
       8       2      -10.3154400000      (a')
       7       2      -10.3154400000      (a')
       6       2      -10.3154400000      (a')
       5       2      -10.3154400000      (a')
       4       2      -10.3154400000      (a')
       3       2      -10.3154400000      (a')
       2       2      -10.3154400000      (a')
       1       2      -10.3154500000      (a')
