     592       0       24.3447800000       (a)
     591       0       24.3398400000       (a)
     590       0       24.3351900000       (a)
     589       0       24.3351700000       (a)
     588       0       24.3342700000       (a)
     587       0       24.3342400000       (a)
     586       0       24.2303200000       (a)
     585       0       24.1927700000       (a)
     584       0       24.1927600000       (a)
     583       0       24.1777400000       (a)
     582       0       24.1777300000       (a)
     581       0       24.1485000000       (a)
     580       0       24.1329000000       (a)
     579       0       24.1151900000       (a)
     578       0       24.1151800000       (a)
     577       0       24.0982300000       (a)
     576       0       24.0982100000       (a)
     575       0       24.0249800000       (a)
     574       0       24.0197900000       (a)
     573       0       23.9900200000       (a)
     572       0       23.9899900000       (a)
     571       0       23.8315800000       (a)
     570       0       23.8315700000       (a)
     569       0       23.5120600000       (a)
     568       0        5.1726500000       (a)
     567       0        4.9922600000       (a)
     566       0        4.9617400000       (a)
     565       0        4.9617400000       (a)
     564       0        4.9594300000       (a)
     563       0        4.9594300000       (a)
     562       0        4.9429900000       (a)
     561       0        4.5789300000       (a)
     560       0        4.5789100000       (a)
     559       0        4.4021900000       (a)
     558       0        4.4021700000       (a)
     557       0        4.3187400000       (a)
     556       0        4.2303700000       (a)
     555       0        4.2111700000       (a)
     554       0        4.2111600000       (a)
     553       0        4.2085200000       (a)
     552       0        4.1853000000       (a)
     551       0        4.1853000000       (a)
     550       0        4.1217400000       (a)
     549       0        4.0160600000       (a)
     548       0        4.0160500000       (a)
     547       0        3.9408200000       (a)
     546       0        3.8401900000       (a)
     545       0        3.8401900000       (a)
     544       0        3.7860000000       (a)
     543       0        3.7709300000       (a)
     542       0        3.7709300000       (a)
     541       0        3.7200500000       (a)
     540       0        3.7200500000       (a)
     539       0        3.7053300000       (a)
     538       0        3.6679600000       (a)
     537       0        3.6369100000       (a)
     536       0        3.6244600000       (a)
     535       0        3.6244600000       (a)
     534       0        3.5901500000       (a)
     533       0        3.5901300000       (a)
     532       0        3.5739500000       (a)
     531       0        3.5739400000       (a)
     530       0        3.5470400000       (a)
     529       0        3.5416100000       (a)
     528       0        3.5367900000       (a)
     527       0        3.5281200000       (a)
     526       0        3.5281200000       (a)
     525       0        3.4653300000       (a)
     524       0        3.4653200000       (a)
     523       0        3.4269700000       (a)
     522       0        3.4269600000       (a)
     521       0        3.4019900000       (a)
     520       0        3.3590800000       (a)
     519       0        3.3590800000       (a)
     518       0        3.3472900000       (a)
     517       0        3.3472800000       (a)
     516       0        3.3133700000       (a)
     515       0        3.3089200000       (a)
     514       0        3.2986700000       (a)
     513       0        3.2297900000       (a)
     512       0        3.2270100000       (a)
     511       0        3.2270100000       (a)
     510       0        3.1901500000       (a)
     509       0        3.1767900000       (a)
     508       0        3.1767900000       (a)
     507       0        3.1505100000       (a)
     506       0        3.0411500000       (a)
     505       0        3.0411400000       (a)
     504       0        3.0361600000       (a)
     503       0        3.0361500000       (a)
     502       0        3.0134200000       (a)
     501       0        3.0092300000       (a)
     500       0        2.9843600000       (a)
     499       0        2.9843500000       (a)
     498       0        2.9837600000       (a)
     497       0        2.9837400000       (a)
     496       0        2.9706500000       (a)
     495       0        2.9706400000       (a)
     494       0        2.9653500000       (a)
     493       0        2.9653500000       (a)
     492       0        2.9410400000       (a)
     491       0        2.9247400000       (a)
     490       0        2.9119900000       (a)
     489       0        2.9119800000       (a)
     488       0        2.8991700000       (a)
     487       0        2.8991400000       (a)
     486       0        2.8920100000       (a)
     485       0        2.8878400000       (a)
     484       0        2.8636200000       (a)
     483       0        2.8636200000       (a)
     482       0        2.8546000000       (a)
     481       0        2.8539500000       (a)
     480       0        2.8510300000       (a)
     479       0        2.8507400000       (a)
     478       0        2.8507400000       (a)
     477       0        2.8448300000       (a)
     476       0        2.8448300000       (a)
     475       0        2.8388700000       (a)
     474       0        2.8333200000       (a)
     473       0        2.8333200000       (a)
     472       0        2.8174500000       (a)
     471       0        2.8171900000       (a)
     470       0        2.8171900000       (a)
     469       0        2.8008800000       (a)
     468       0        2.7604900000       (a)
     467       0        2.7604900000       (a)
     466       0        2.7344400000       (a)
     465       0        2.7277900000       (a)
     464       0        2.7220900000       (a)
     463       0        2.6904900000       (a)
     462       0        2.6904800000       (a)
     461       0        2.6660200000       (a)
     460       0        2.6660100000       (a)
     459       0        2.6261300000       (a)
     458       0        2.6261300000       (a)
     457       0        2.6198700000       (a)
     456       0        2.6187100000       (a)
     455       0        2.6184000000       (a)
     454       0        2.6183900000       (a)
     453       0        2.5970900000       (a)
     452       0        2.5651300000       (a)
     451       0        2.4961600000       (a)
     450       0        2.4961600000       (a)
     449       0        2.4600500000       (a)
     448       0        2.4511700000       (a)
     447       0        2.4511700000       (a)
     446       0        2.4380700000       (a)
     445       0        2.4380600000       (a)
     444       0        2.4076100000       (a)
     443       0        2.4076100000       (a)
     442       0        2.3941700000       (a)
     441       0        2.3839400000       (a)
     440       0        2.3839300000       (a)
     439       0        2.3403300000       (a)
     438       0        2.2983100000       (a)
     437       0        2.2983000000       (a)
     436       0        2.2762600000       (a)
     435       0        2.2698400000       (a)
     434       0        2.2486000000       (a)
     433       0        2.2485800000       (a)
     432       0        2.2385500000       (a)
     431       0        2.2385400000       (a)
     430       0        2.2184200000       (a)
     429       0        2.2184200000       (a)
     428       0        2.1972900000       (a)
     427       0        2.1892200000       (a)
     426       0        2.1892100000       (a)
     425       0        2.1839200000       (a)
     424       0        2.1839100000       (a)
     423       0        2.1397100000       (a)
     422       0        2.1397000000       (a)
     421       0        2.1391600000       (a)
     420       0        2.1366800000       (a)
     419       0        2.1241600000       (a)
     418       0        2.1010900000       (a)
     417       0        2.1010800000       (a)
     416       0        2.0979000000       (a)
     415       0        2.0907100000       (a)
     414       0        2.0907000000       (a)
     413       0        2.0802300000       (a)
     412       0        2.0792800000       (a)
     411       0        2.0702300000       (a)
     410       0        2.0699300000       (a)
     409       0        2.0216800000       (a)
     408       0        2.0162900000       (a)
     407       0        2.0162900000       (a)
     406       0        2.0072300000       (a)
     405       0        2.0072200000       (a)
     404       0        1.9975300000       (a)
     403       0        1.9943500000       (a)
     402       0        1.9943500000       (a)
     401       0        1.9818200000       (a)
     400       0        1.9818100000       (a)
     399       0        1.9707800000       (a)
     398       0        1.9484200000       (a)
     397       0        1.9484100000       (a)
     396       0        1.9450400000       (a)
     395       0        1.9367500000       (a)
     394       0        1.9367400000       (a)
     393       0        1.9225300000       (a)
     392       0        1.9174100000       (a)
     391       0        1.9174100000       (a)
     390       0        1.8705700000       (a)
     389       0        1.8705500000       (a)
     388       0        1.8450400000       (a)
     387       0        1.8450300000       (a)
     386       0        1.8285200000       (a)
     385       0        1.8285100000       (a)
     384       0        1.8278700000       (a)
     383       0        1.8278600000       (a)
     382       0        1.8197200000       (a)
     381       0        1.8197100000       (a)
     380       0        1.8094900000       (a)
     379       0        1.8071700000       (a)
     378       0        1.7914300000       (a)
     377       0        1.7823900000       (a)
     376       0        1.7583600000       (a)
     375       0        1.7583600000       (a)
     374       0        1.7180700000       (a)
     373       0        1.7180600000       (a)
     372       0        1.7034600000       (a)
     371       0        1.6902200000       (a)
     370       0        1.6887400000       (a)
     369       0        1.6887300000       (a)
     368       0        1.6780300000       (a)
     367       0        1.6767500000       (a)
     366       0        1.6767400000       (a)
     365       0        1.6575100000       (a)
     364       0        1.6575000000       (a)
     363       0        1.6552300000       (a)
     362       0        1.6283500000       (a)
     361       0        1.6280300000       (a)
     360       0        1.6280200000       (a)
     359       0        1.6233500000       (a)
     358       0        1.5895500000       (a)
     357       0        1.5895500000       (a)
     356       0        1.5820200000       (a)
     355       0        1.5818400000       (a)
     354       0        1.5818300000       (a)
     353       0        1.5713100000       (a)
     352       0        1.5684600000       (a)
     351       0        1.5614600000       (a)
     350       0        1.5614600000       (a)
     349       0        1.5505500000       (a)
     348       0        1.5503600000       (a)
     347       0        1.5503500000       (a)
     346       0        1.5489700000       (a)
     345       0        1.5489600000       (a)
     344       0        1.5354900000       (a)
     343       0        1.5205700000       (a)
     342       0        1.5205600000       (a)
     341       0        1.4686100000       (a)
     340       0        1.4556700000       (a)
     339       0        1.4154800000       (a)
     338       0        1.4137100000       (a)
     337       0        1.4137100000       (a)
     336       0        1.3905100000       (a)
     335       0        1.3905000000       (a)
     334       0        1.2944200000       (a)
     333       0        1.2944100000       (a)
     332       0        1.2622900000       (a)
     331       0        1.2593600000       (a)
     330       0        1.2555500000       (a)
     329       0        1.2555400000       (a)
     328       0        1.2529600000       (a)
     327       0        1.2529500000       (a)
     326       0        1.2391400000       (a)
     325       0        1.2391400000       (a)
     324       0        1.2192900000       (a)
     323       0        1.2192800000       (a)
     322       0        1.1857100000       (a)
     321       0        1.1804000000       (a)
     320       0        1.1785000000       (a)
     319       0        1.1675700000       (a)
     318       0        1.1451700000       (a)
     317       0        1.1451700000       (a)
     316       0        1.1443700000       (a)
     315       0        1.1262100000       (a)
     314       0        1.1262000000       (a)
     313       0        1.1188000000       (a)
     312       0        1.1187900000       (a)
     311       0        1.1171000000       (a)
     310       0        1.0887000000       (a)
     309       0        1.0886900000       (a)
     308       0        1.0837600000       (a)
     307       0        1.0837300000       (a)
     306       0        1.0792100000       (a)
     305       0        1.0791700000       (a)
     304       0        1.0755400000       (a)
     303       0        1.0755300000       (a)
     302       0        1.0700100000       (a)
     301       0        1.0700000000       (a)
     300       0        1.0520800000       (a)
     299       0        1.0504400000       (a)
     298       0        1.0493200000       (a)
     297       0        1.0493200000       (a)
     296       0        1.0410400000       (a)
     295       0        1.0401900000       (a)
     294       0        1.0401900000       (a)
     293       0        1.0369100000       (a)
     292       0        1.0309500000       (a)
     291       0        1.0309400000       (a)
     290       0        1.0157000000       (a)
     289       0        0.9968400000       (a)
     288       0        0.9968400000       (a)
     287       0        0.9939100000       (a)
     286       0        0.9902800000       (a)
     285       0        0.9830100000       (a)
     284       0        0.9830000000       (a)
     283       0        0.9828500000       (a)
     282       0        0.9644400000       (a)
     281       0        0.9622700000       (a)
     280       0        0.9554000000       (a)
     279       0        0.9390100000       (a)
     278       0        0.9193000000       (a)
     277       0        0.9193000000       (a)
     276       0        0.9112100000       (a)
     275       0        0.9112100000       (a)
     274       0        0.9008300000       (a)
     273       0        0.8888600000       (a)
     272       0        0.8768800000       (a)
     271       0        0.8670100000       (a)
     270       0        0.8670100000       (a)
     269       0        0.8649200000       (a)
     268       0        0.8649100000       (a)
     267       0        0.8621500000       (a)
     266       0        0.8621500000       (a)
     265       0        0.8602300000       (a)
     264       0        0.8504600000       (a)
     263       0        0.8504500000       (a)
     262       0        0.8387700000       (a)
     261       0        0.8387600000       (a)
     260       0        0.8232600000       (a)
     259       0        0.8230200000       (a)
     258       0        0.8230100000       (a)
     257       0        0.7937600000       (a)
     256       0        0.7636300000       (a)
     255       0        0.7636300000       (a)
     254       0        0.7552200000       (a)
     253       0        0.7552200000       (a)
     252       0        0.7506500000       (a)
     251       0        0.7506500000       (a)
     250       0        0.7447600000       (a)
     249       0        0.7442500000       (a)
     248       0        0.7442400000       (a)
     247       0        0.7350700000       (a)
     246       0        0.7342000000       (a)
     245       0        0.7334900000       (a)
     244       0        0.7284900000       (a)
     243       0        0.7183600000       (a)
     242       0        0.7183600000       (a)
     241       0        0.7104100000       (a)
     240       0        0.7063100000       (a)
     239       0        0.7063000000       (a)
     238       0        0.6965500000       (a)
     237       0        0.6965500000       (a)
     236       0        0.6953400000       (a)
     235       0        0.6931900000       (a)
     234       0        0.6931900000       (a)
     233       0        0.6887700000       (a)
     232       0        0.6887600000       (a)
     231       0        0.6767000000       (a)
     230       0        0.6767000000       (a)
     229       0        0.6734800000       (a)
     228       0        0.6681500000       (a)
     227       0        0.6486600000       (a)
     226       0        0.6479700000       (a)
     225       0        0.6479700000       (a)
     224       0        0.6456000000       (a)
     223       0        0.6377700000       (a)
     222       0        0.6377700000       (a)
     221       0        0.6334400000       (a)
     220       0        0.6334400000       (a)
     219       0        0.6120500000       (a)
     218       0        0.6120500000       (a)
     217       0        0.5986100000       (a)
     216       0        0.5935300000       (a)
     215       0        0.5915800000       (a)
     214       0        0.5915800000       (a)
     213       0        0.5838200000       (a)
     212       0        0.5838100000       (a)
     211       0        0.5757700000       (a)
     210       0        0.5700400000       (a)
     209       0        0.5484300000       (a)
     208       0        0.5273400000       (a)
     207       0        0.5138000000       (a)
     206       0        0.5030900000       (a)
     205       0        0.5030800000       (a)
     204       0        0.4900000000       (a)
     203       0        0.4900000000       (a)
     202       0        0.4742900000       (a)
     201       0        0.4742800000       (a)
     200       0        0.4617300000       (a)
     199       0        0.4617200000       (a)
     198       0        0.4460200000       (a)
     197       0        0.4408200000       (a)
     196       0        0.4388300000       (a)
     195       0        0.4261400000       (a)
     194       0        0.4258500000       (a)
     193       0        0.4258500000       (a)
     192       0        0.4082300000       (a)
     191       0        0.4082300000       (a)
     190       0        0.4014000000       (a)
     189       0        0.4013900000       (a)
     188       0        0.3990900000       (a)
     187       0        0.3970000000       (a)
     186       0        0.3970000000       (a)
     185       0        0.3925200000       (a)
     184       0        0.3925100000       (a)
     183       0        0.3917000000       (a)
     182       0        0.3917000000       (a)
     181       0        0.3914800000       (a)
     180       0        0.3718000000       (a)
     179       0        0.3699900000       (a)
     178       0        0.3671100000       (a)
     177       0        0.3671100000       (a)
     176       0        0.3670700000       (a)
     175       0        0.3603000000       (a)
     174       0        0.3577000000       (a)
     173       0        0.3577000000       (a)
     172       0        0.3570200000       (a)
     171       0        0.3518100000       (a)
     170       0        0.3518000000       (a)
     169       0        0.3466300000       (a)
     168       0        0.3466200000       (a)
     167       0        0.3450500000       (a)
     166       0        0.3404100000       (a)
     165       0        0.3403600000       (a)
     164       0        0.3403500000       (a)
     163       0        0.3247100000       (a)
     162       0        0.3247000000       (a)
     161       0        0.3237800000       (a)
     160       0        0.3151000000       (a)
     159       0        0.3150900000       (a)
     158       0        0.3002100000       (a)
     157       0        0.3002100000       (a)
     156       0        0.2976800000       (a)
     155       0        0.2953600000       (a)
     154       0        0.2844200000       (a)
     153       0        0.2825400000       (a)
     152       0        0.2825400000       (a)
     151       0        0.2819400000       (a)
     150       0        0.2819400000       (a)
     149       0        0.2756100000       (a)
     148       0        0.2725800000       (a)
     147       0        0.2690500000       (a)
     146       0        0.2690500000       (a)
     145       0        0.2674700000       (a)
     144       0        0.2610400000       (a)
     143       0        0.2610400000       (a)
     142       0        0.2604100000       (a)
     141       0        0.2604100000       (a)
     140       0        0.2495400000       (a)
     139       0        0.2495400000       (a)
     138       0        0.2481200000       (a)
     137       0        0.2424800000       (a)
     136       0        0.2424800000       (a)
     135       0        0.2364000000       (a)
     134       0        0.2364000000       (a)
     133       0        0.2266900000       (a)
     132       0        0.2266900000       (a)
     131       0        0.2210800000       (a)
     130       0        0.2133200000       (a)
     129       0        0.1993400000       (a)
     128       0        0.1993300000       (a)
     127       0        0.1989100000       (a)
     126       0        0.1989100000       (a)
     125       0        0.1969500000       (a)
     124       0        0.1969500000       (a)
     123       0        0.1883800000       (a)
     122       0        0.1883800000       (a)
     121       0        0.1832900000       (a)
     120       0        0.1803000000       (a)
     119       0        0.1781800000       (a)
     118       0        0.1753900000       (a)
     117       0        0.1729700000       (a)
     116       0        0.1724700000       (a)
     115       0        0.1686200000       (a)
     114       0        0.1686200000       (a)
     113       0        0.1653000000       (a)
     112       0        0.1653000000       (a)
     111       0        0.1542100000       (a)
     110       0        0.1539100000       (a)
     109       0        0.1539100000       (a)
     108       0        0.1535000000       (a)
     107       0        0.1535000000       (a)
     106       0        0.1469800000       (a)
     105       0        0.1337300000       (a)
     104       0        0.1310200000       (a)
     103       0        0.1310200000       (a)
     102       0        0.1254800000       (a)
     101       0        0.1254800000       (a)
     100       0        0.1112900000       (a)
      99       0        0.1112800000       (a)
      98       0        0.1112800000       (a)
      97       0        0.1068900000       (a)
      96       0        0.1057700000       (a)
      95       0        0.1057700000       (a)
      94       0        0.0962200000       (a)
      93       0        0.0859300000       (a)
      92       0        0.0859300000       (a)
      91       0        0.0855300000       (a)
      90       0        0.0679300000       (a)
      89       0        0.0674600000       (a)
      88       0        0.0554000000       (a)
      87       0        0.0534500000       (a)
      86       0        0.0534500000       (a)
      85       0        0.0432200000       (a)
      84       0        0.0432200000       (a)
      83       0        0.0393900000       (a)
      82       0        0.0393900000       (a)
      81       0        0.0387000000       (a)
      80       0       -0.0051300000       (a)
      79       0       -0.0051300000       (a)
      78       2       -0.2738200000       (a)
      77       2       -0.2738200000       (a)
      76       2       -0.3324400000       (a)
      75       2       -0.3324500000       (a)
      74       2       -0.3488200000       (a)
      73       2       -0.3565700000       (a)
      72       2       -0.4016600000       (a)
      71       2       -0.4016600000       (a)
      70       2       -0.4046300000       (a)
      69       2       -0.4231800000       (a)
      68       2       -0.4231800000       (a)
      67       2       -0.4474600000       (a)
      66       2       -0.4474600000       (a)
      65       2       -0.4474700000       (a)
      64       2       -0.4616000000       (a)
      63       2       -0.4633100000       (a)
      62       2       -0.4823700000       (a)
      61       2       -0.4823700000       (a)
      60       2       -0.4927400000       (a)
      59       2       -0.4927400000       (a)
      58       2       -0.5083900000       (a)
      57       2       -0.5130400000       (a)
      56       2       -0.5130500000       (a)
      55       2       -0.5206600000       (a)
      54       2       -0.5273600000       (a)
      53       2       -0.5488900000       (a)
      52       2       -0.5489000000       (a)
      51       2       -0.5526400000       (a)
      50       2       -0.5526400000       (a)
      49       2       -0.5701700000       (a)
      48       2       -0.5701700000       (a)
      47       2       -0.6138700000       (a)
      46       2       -0.6361200000       (a)
      45       2       -0.6368400000       (a)
      44       2       -0.6368400000       (a)
      43       2       -0.6557100000       (a)
      42       2       -0.6599800000       (a)
      41       2       -0.7276000000       (a)
      40       2       -0.7331700000       (a)
      39       2       -0.7331800000       (a)
      38       2       -0.7384600000       (a)
      37       2       -0.7384600000       (a)
      36       2       -0.8175900000       (a)
      35       2       -0.8175900000       (a)
      34       2       -0.8508900000       (a)
      33       2       -0.8509000000       (a)
      32       2       -0.8678500000       (a)
      31       2       -0.8838600000       (a)
      30       2       -0.9147500000       (a)
      29       2       -0.9326900000       (a)
      28       2       -0.9326900000       (a)
      27       2       -0.9813000000       (a)
      26       2       -0.9813000000       (a)
      25       2       -1.0187500000       (a)
      24       2      -10.2952900000       (a)
      23       2      -10.2953000000       (a)
      22       2      -10.2953000000       (a)
      21       2      -10.2953000000       (a)
      20       2      -10.2953100000       (a)
      19       2      -10.2953100000       (a)
      18       2      -10.2960000000       (a)
      17       2      -10.2960100000       (a)
      16       2      -10.2960100000       (a)
      15       2      -10.2960200000       (a)
      14       2      -10.2960200000       (a)
      13       2      -10.2960300000       (a)
      12       2      -10.3038400000       (a)
      11       2      -10.3039900000       (a)
      10       2      -10.3039900000       (a)
       9       2      -10.3041500000       (a)
       8       2      -10.3041500000       (a)
       7       2      -10.3041800000       (a)
       6       2      -10.3044500000       (a)
       5       2      -10.3045200000       (a)
       4       2      -10.3045200000       (a)
       3       2      -10.3048100000       (a)
       2       2      -10.3048100000       (a)
       1       2      -10.3049800000       (a)
