    1177       0       24.3641500000     (b3g)
    1176       0       24.3616900000     (b1u)
    1175       0       24.3581300000      (ag)
    1174       0       24.3580700000     (b3g)
    1173       0       24.3574300000     (b2u)
    1172       0       24.3573800000     (b1u)
    1171       0       24.3290900000     (b1u)
    1170       0       24.3117600000      (ag)
    1169       0       24.3117400000     (b3g)
    1168       0       24.3109600000     (b1u)
    1167       0       24.3109300000     (b2u)
    1166       0       24.3050400000      (ag)
    1165       0       24.2637500000     (b1u)
    1164       0       24.2450800000      (ag)
    1163       0       24.2450400000     (b3g)
    1162       0       24.2340100000     (b1u)
    1161       0       24.2339600000     (b2u)
    1160       0       24.2314700000      (ag)
    1159       0       24.1810300000     (b3g)
    1158       0       24.1719700000     (b2u)
    1157       0       24.1719500000     (b1u)
    1156       0       24.1659800000     (b3g)
    1155       0       24.1659600000      (ag)
    1154       0       24.1602500000     (b2u)
    1153       0       24.1291500000     (b3g)
    1152       0       24.1198700000     (b1u)
    1151       0       24.1198700000     (b2u)
    1150       0       24.1120100000      (ag)
    1149       0       24.1119900000     (b3g)
    1148       0       24.1054100000     (b1u)
    1147       0       24.0959600000     (b2u)
    1146       0       24.0924600000     (b3g)
    1145       0       24.0924600000      (ag)
    1144       0       24.0717700000     (b1u)
    1143       0       24.0717300000     (b2u)
    1142       0       24.0561700000      (ag)
    1141       0       23.9948200000     (b2u)
    1140       0       23.9948100000     (b1u)
    1139       0       23.9927800000      (ag)
    1138       0       23.9808900000     (b3g)
    1137       0       23.9808700000      (ag)
    1136       0       23.9584800000     (b1u)
    1135       0       23.9260700000     (b2u)
    1134       0       23.8461800000      (ag)
    1133       0       23.8461700000     (b3g)
    1132       0       23.6905900000     (b1u)
    1131       0       23.6905500000     (b2u)
    1130       0       23.5359400000      (ag)
    1129       0        5.1124000000     (b3g)
    1128       0        5.0168000000     (b2u)
    1127       0        5.0167900000     (b1u)
    1126       0        5.0139300000     (b3g)
    1125       0        4.9894100000      (ag)
    1124       0        4.9894100000     (b3g)
    1123       0        4.9548500000     (b1u)
    1122       0        4.9415700000     (b2u)
    1121       0        4.9323400000     (b3g)
    1120       0        4.9323400000      (ag)
    1119       0        4.9127900000     (b2u)
    1118       0        4.9127800000     (b1u)
    1117       0        4.8873200000     (b3g)
    1116       0        4.7859200000     (b1u)
    1115       0        4.7859100000     (b2u)
    1114       0        4.5830400000     (b1u)
    1113       0        4.5591800000     (b3g)
    1112       0        4.5591600000      (ag)
    1111       0        4.4348600000     (b3g)
    1110       0        4.4347600000      (ag)
    1109       0        4.4083900000     (b2u)
    1108       0        4.3932500000     (b1u)
    1107       0        4.3834100000     (b1u)
    1106       0        4.3833500000     (b2u)
    1105       0        4.3493500000     (b3g)
    1104       0        4.3493300000      (ag)
    1103       0        4.3276000000      (ag)
    1102       0        4.3171500000     (b2u)
    1101       0        4.3171400000     (b1u)
    1100       0        4.2719000000      (ag)
    1099       0        4.2203300000     (b3g)
    1098       0        4.1929600000     (b2u)
    1097       0        4.1929500000     (b1u)
    1096       0        4.1825200000     (b1u)
    1095       0        4.1809000000      (ag)
    1094       0        4.1808800000     (b3g)
    1093       0        3.9995700000     (b3g)
    1092       0        3.9995400000      (ag)
    1091       0        3.9922300000     (b1u)
    1090       0        3.9921600000     (b2u)
    1089       0        3.9527000000     (b2u)
    1088       0        3.9358700000     (b3g)
    1087       0        3.9134700000      (ag)
    1086       0        3.8939200000     (b1u)
    1085       0        3.8611000000      (ag)
    1084       0        3.8610900000     (b3g)
    1083       0        3.8571900000     (b2u)
    1082       0        3.8571900000     (b1u)
    1081       0        3.8441900000     (b1u)
    1080       0        3.8285500000     (b3g)
    1079       0        3.8285500000      (ag)
    1078       0        3.7900200000     (b1u)
    1077       0        3.7900100000     (b2u)
    1076       0        3.7693600000     (b1u)
    1075       0        3.7633500000      (ag)
    1074       0        3.7633300000     (b3g)
    1073       0        3.7576400000     (b1u)
    1072       0        3.7576100000     (b2u)
    1071       0        3.7575000000      (ag)
    1070       0        3.7244600000     (b3g)
    1069       0        3.6963800000     (b2u)
    1068       0        3.6730100000      (ag)
    1067       0        3.6707900000     (b3g)
    1066       0        3.6707700000      (ag)
    1065       0        3.6517900000      (ag)
    1064       0        3.6517700000     (b3g)
    1063       0        3.6441200000     (b1u)
    1062       0        3.6441100000     (b2u)
    1061       0        3.6281400000     (b2u)
    1060       0        3.6126300000     (b1u)
    1059       0        3.6119700000      (ag)
    1058       0        3.6021600000     (b1u)
    1057       0        3.6021400000     (b2u)
    1056       0        3.5783900000     (b1u)
    1055       0        3.5693000000     (b3g)
    1054       0        3.5594100000     (b3g)
    1053       0        3.5593600000      (ag)
    1052       0        3.5586800000     (b1u)
    1051       0        3.5586500000     (b2u)
    1050       0        3.5265000000     (b1u)
    1049       0        3.5264900000     (b2u)
    1048       0        3.5220600000      (ag)
    1047       0        3.5220400000     (b3g)
    1046       0        3.5043100000     (b3g)
    1045       0        3.5037500000      (ag)
    1044       0        3.4932000000     (b1u)
    1043       0        3.4931900000     (b2u)
    1042       0        3.4707900000     (b3g)
    1041       0        3.4707700000      (ag)
    1040       0        3.4457400000     (b2u)
    1039       0        3.4025800000     (b3g)
    1038       0        3.3941400000     (b3g)
    1037       0        3.3941300000      (ag)
    1036       0        3.3854400000     (b2u)
    1035       0        3.3854200000     (b1u)
    1034       0        3.3744700000     (b3g)
    1033       0        3.3743900000      (ag)
    1032       0        3.3691900000     (b2u)
    1031       0        3.3514100000     (b2u)
    1030       0        3.3514100000     (b1u)
    1029       0        3.3490400000     (b1u)
    1028       0        3.3214700000     (b1u)
    1027       0        3.3214700000     (b2u)
    1026       0        3.3120200000      (ag)
    1025       0        3.3120100000     (b3g)
    1024       0        3.3007300000     (b1u)
    1023       0        3.2973200000      (ag)
    1022       0        3.2825300000     (b2u)
    1021       0        3.2733500000      (ag)
    1020       0        3.2371700000     (b2g)
    1019       0        3.2327900000     (b3u)
    1018       0        3.2327800000      (au)
    1017       0        3.2272800000     (b2g)
    1016       0        3.2272600000     (b1g)
    1015       0        3.2180000000      (au)
    1014       0        3.2052500000     (b3u)
    1013       0        3.1888100000     (b3g)
    1012       0        3.1886500000      (ag)
    1011       0        3.1870300000     (b2g)
    1010       0        3.1870300000     (b1g)
    1009       0        3.1830000000     (b3g)
    1008       0        3.1666900000     (b1u)
    1007       0        3.1666300000     (b2u)
    1006       0        3.1624600000     (b2g)
    1005       0        3.1563600000      (au)
    1004       0        3.1563600000     (b3u)
    1003       0        3.1390800000      (au)
    1002       0        3.1293800000     (b1u)
    1001       0        3.1263300000     (b2g)
    1000       0        3.0959200000      (au)
     999       0        3.0959000000     (b3u)
     998       0        3.0924500000     (b2g)
     997       0        3.0924400000     (b1g)
     996       0        3.0861200000      (ag)
     995       0        3.0860900000     (b3g)
     994       0        3.0344800000     (b1g)
     993       0        3.0219700000     (b2g)
     992       0        3.0219600000     (b1g)
     991       0        3.0204800000      (au)
     990       0        3.0204700000     (b3u)
     989       0        3.0060000000     (b3u)
     988       0        3.0060000000      (au)
     987       0        2.9981000000     (b1u)
     986       0        2.9980700000     (b2u)
     985       0        2.9863200000     (b3g)
     984       0        2.9836400000     (b1g)
     983       0        2.9836400000     (b2g)
     982       0        2.9822400000     (b3u)
     981       0        2.9711500000      (ag)
     980       0        2.9685200000      (au)
     979       0        2.9621100000     (b2g)
     978       0        2.9581300000     (b2u)
     977       0        2.9581200000     (b1u)
     976       0        2.9571400000     (b3g)
     975       0        2.9571000000      (ag)
     974       0        2.9550700000     (b2u)
     973       0        2.9536700000     (b1u)
     972       0        2.9300400000     (b1g)
     971       0        2.9220100000     (b3g)
     970       0        2.9220000000      (ag)
     969       0        2.9212800000     (b1u)
     968       0        2.9097300000     (b3u)
     967       0        2.9090700000     (b3g)
     966       0        2.9090000000      (ag)
     965       0        2.9048900000      (au)
     964       0        2.9048700000     (b3u)
     963       0        2.9043200000     (b3g)
     962       0        2.9014900000     (b2u)
     961       0        2.9014900000     (b1u)
     960       0        2.8942400000     (b2g)
     959       0        2.8942300000     (b1g)
     958       0        2.8899500000      (ag)
     957       0        2.8875100000     (b1u)
     956       0        2.8874800000     (b2u)
     955       0        2.8868400000      (ag)
     954       0        2.8868300000     (b3g)
     953       0        2.8788500000     (b2u)
     952       0        2.8788200000     (b1u)
     951       0        2.8701200000     (b1u)
     950       0        2.8678700000      (ag)
     949       0        2.8516900000     (b3g)
     948       0        2.8516800000      (ag)
     947       0        2.8479800000     (b1u)
     946       0        2.8479800000     (b2u)
     945       0        2.8471700000     (b2u)
     944       0        2.8447500000     (b2g)
     943       0        2.8447500000     (b1g)
     942       0        2.8434100000     (b3g)
     941       0        2.8360100000     (b1u)
     940       0        2.8322800000     (b3u)
     939       0        2.8250800000     (b3u)
     938       0        2.8250700000      (au)
     937       0        2.8213000000     (b1u)
     936       0        2.8213000000     (b2u)
     935       0        2.8132500000      (ag)
     934       0        2.8106000000      (ag)
     933       0        2.8105900000     (b3g)
     932       0        2.7976800000     (b2g)
     931       0        2.7713500000     (b1g)
     930       0        2.7548000000     (b3g)
     929       0        2.7546300000      (ag)
     928       0        2.7504200000     (b3u)
     927       0        2.7504200000      (au)
     926       0        2.7415700000     (b1u)
     925       0        2.7413500000     (b2u)
     924       0        2.7355800000     (b2g)
     923       0        2.7355800000     (b1g)
     922       0        2.7314700000     (b3u)
     921       0        2.7305700000     (b3g)
     920       0        2.7304700000      (ag)
     919       0        2.7215500000     (b1u)
     918       0        2.7193600000     (b2u)
     917       0        2.7174100000     (b1u)
     916       0        2.7174000000     (b2u)
     915       0        2.7056800000      (ag)
     914       0        2.6884300000     (b3g)
     913       0        2.6856200000      (ag)
     912       0        2.6771500000     (b1u)
     911       0        2.6697200000     (b3g)
     910       0        2.6697000000      (ag)
     909       0        2.6614100000     (b1u)
     908       0        2.6613900000     (b2u)
     907       0        2.6027400000      (au)
     906       0        2.5780000000     (b2g)
     905       0        2.5776300000     (b3g)
     904       0        2.5775600000      (ag)
     903       0        2.5761600000     (b2u)
     902       0        2.5758600000     (b1u)
     901       0        2.5758400000     (b2u)
     900       0        2.5574800000      (ag)
     899       0        2.5566100000     (b1g)
     898       0        2.5566000000     (b2g)
     897       0        2.5314300000     (b3g)
     896       0        2.5314200000      (ag)
     895       0        2.5297900000      (au)
     894       0        2.5297900000     (b3u)
     893       0        2.5285100000     (b1u)
     892       0        2.5218500000     (b3g)
     891       0        2.5022800000     (b1u)
     890       0        2.5022500000     (b2u)
     889       0        2.4713700000     (b1u)
     888       0        2.4712900000     (b2u)
     887       0        2.4592400000      (ag)
     886       0        2.4548700000      (ag)
     885       0        2.4548500000     (b3g)
     884       0        2.4451200000      (au)
     883       0        2.4451000000     (b3u)
     882       0        2.4227500000     (b1g)
     881       0        2.4227400000     (b2g)
     880       0        2.4078000000     (b3g)
     879       0        2.4040000000     (b2u)
     878       0        2.4016200000     (b1u)
     877       0        2.4016200000     (b2u)
     876       0        2.3881100000      (ag)
     875       0        2.3881100000     (b3g)
     874       0        2.3873100000     (b1u)
     873       0        2.3551000000      (ag)
     872       0        2.3550900000     (b3g)
     871       0        2.3540300000      (ag)
     870       0        2.3522700000     (b2u)
     869       0        2.3483000000     (b1g)
     868       0        2.3449200000     (b1u)
     867       0        2.3449100000     (b2u)
     866       0        2.3438700000      (au)
     865       0        2.3272900000     (b1u)
     864       0        2.3139200000     (b1u)
     863       0        2.3137900000     (b2u)
     862       0        2.3116800000     (b3g)
     861       0        2.3045000000     (b2g)
     860       0        2.2930600000     (b3g)
     859       0        2.2929800000      (ag)
     858       0        2.2677800000     (b3u)
     857       0        2.2677800000      (au)
     856       0        2.2540300000     (b2g)
     855       0        2.2434000000     (b3u)
     854       0        2.2388200000     (b3g)
     853       0        2.2386300000      (ag)
     852       0        2.2338800000     (b1u)
     851       0        2.2338200000     (b2u)
     850       0        2.2325300000     (b2u)
     849       0        2.2301900000     (b3g)
     848       0        2.2275500000     (b1g)
     847       0        2.2275200000     (b2g)
     846       0        2.2194800000      (au)
     845       0        2.1917700000     (b2u)
     844       0        2.1917700000     (b1u)
     843       0        2.1856600000     (b3g)
     842       0        2.1856500000      (ag)
     841       0        2.1783900000     (b2u)
     840       0        2.1770200000      (au)
     839       0        2.1769800000     (b3u)
     838       0        2.1654500000     (b1u)
     837       0        2.1654500000     (b2u)
     836       0        2.1650600000     (b1g)
     835       0        2.1650400000     (b2g)
     834       0        2.1636900000      (ag)
     833       0        2.1636900000     (b3g)
     832       0        2.1531500000      (ag)
     831       0        2.1509400000     (b2u)
     830       0        2.1398700000     (b3g)
     829       0        2.1308500000     (b1u)
     828       0        2.1308500000     (b3g)
     827       0        2.1226300000      (ag)
     826       0        2.1226200000     (b3g)
     825       0        2.1041500000     (b2g)
     824       0        2.1040700000     (b1g)
     823       0        2.0970600000     (b1u)
     822       0        2.0970300000     (b2u)
     821       0        2.0939800000     (b2u)
     820       0        2.0939800000     (b1u)
     819       0        2.0929400000     (b1u)
     818       0        2.0870400000     (b3g)
     817       0        2.0870200000      (ag)
     816       0        2.0824000000      (ag)
     815       0        2.0758900000      (au)
     814       0        2.0758500000     (b3u)
     813       0        2.0595700000     (b3u)
     812       0        2.0595500000      (au)
     811       0        2.0493700000     (b1g)
     810       0        2.0493600000     (b2g)
     809       0        2.0481600000     (b3u)
     808       0        2.0474400000     (b2u)
     807       0        2.0334500000     (b1u)
     806       0        2.0334300000     (b2u)
     805       0        2.0333500000     (b3g)
     804       0        2.0333400000      (ag)
     803       0        2.0251700000      (ag)
     802       0        2.0196600000     (b1u)
     801       0        2.0196500000     (b2u)
     800       0        2.0177200000     (b3g)
     799       0        2.0176900000      (ag)
     798       0        2.0109500000     (b2g)
     797       0        2.0070500000     (b3g)
     796       0        2.0039800000      (au)
     795       0        2.0027600000     (b3g)
     794       0        1.9963900000     (b1u)
     793       0        1.9962200000     (b1g)
     792       0        1.9838600000     (b2g)
     791       0        1.9694300000     (b3g)
     790       0        1.9694200000      (ag)
     789       0        1.9641200000      (au)
     788       0        1.9589300000     (b3u)
     787       0        1.9531100000     (b1g)
     786       0        1.9521500000     (b1u)
     785       0        1.9438900000      (ag)
     784       0        1.9431000000     (b2g)
     783       0        1.9430900000     (b1g)
     782       0        1.9320700000     (b1u)
     781       0        1.9320400000     (b2u)
     780       0        1.9235000000      (au)
     779       0        1.9235000000     (b3u)
     778       0        1.9233100000     (b3g)
     777       0        1.9199500000     (b1u)
     776       0        1.9198900000     (b2u)
     775       0        1.9126500000      (au)
     774       0        1.9126100000     (b3u)
     773       0        1.9067000000     (b2g)
     772       0        1.9066700000     (b1g)
     771       0        1.8910300000     (b1u)
     770       0        1.8910300000     (b2u)
     769       0        1.8742000000     (b3g)
     768       0        1.8741300000      (ag)
     767       0        1.8567200000     (b2u)
     766       0        1.8491400000      (ag)
     765       0        1.8491300000     (b3g)
     764       0        1.8490200000      (au)
     763       0        1.8490000000     (b3u)
     762       0        1.8478500000     (b2g)
     761       0        1.8476800000     (b1g)
     760       0        1.8446300000     (b1u)
     759       0        1.8318600000      (au)
     758       0        1.8318100000     (b3u)
     757       0        1.8157600000     (b2g)
     756       0        1.8157300000     (b1g)
     755       0        1.8083100000     (b2u)
     754       0        1.8052600000     (b2g)
     753       0        1.8052400000     (b1g)
     752       0        1.8005900000     (b3u)
     751       0        1.7981500000      (ag)
     750       0        1.7927700000     (b3u)
     749       0        1.7872700000     (b1u)
     748       0        1.7872600000     (b2u)
     747       0        1.7830900000     (b3g)
     746       0        1.7830900000      (ag)
     745       0        1.7718800000     (b1u)
     744       0        1.7430200000      (ag)
     743       0        1.7362100000     (b1u)
     742       0        1.7286000000     (b2u)
     741       0        1.7286000000     (b1u)
     740       0        1.7223100000     (b3g)
     739       0        1.7118400000     (b3g)
     738       0        1.7118300000      (ag)
     737       0        1.7057800000     (b3g)
     736       0        1.7057700000      (ag)
     735       0        1.6946800000     (b3u)
     734       0        1.6946700000      (au)
     733       0        1.6944100000     (b2g)
     732       0        1.6923700000     (b1u)
     731       0        1.6923500000     (b2u)
     730       0        1.6834300000     (b2g)
     729       0        1.6834200000     (b1g)
     728       0        1.6812700000     (b3g)
     727       0        1.6812600000      (ag)
     726       0        1.6721300000     (b1u)
     725       0        1.6720900000     (b2u)
     724       0        1.6713800000     (b2u)
     723       0        1.6650500000      (ag)
     722       0        1.6506300000      (au)
     721       0        1.6379900000     (b3g)
     720       0        1.6379900000      (ag)
     719       0        1.6350800000     (b3u)
     718       0        1.6334100000     (b1u)
     717       0        1.6333700000     (b2u)
     716       0        1.6300200000     (b2u)
     715       0        1.6300100000     (b1u)
     714       0        1.6283300000     (b3g)
     713       0        1.6283300000      (ag)
     712       0        1.6253300000     (b3g)
     711       0        1.6179400000     (b1g)
     710       0        1.6179300000     (b2g)
     709       0        1.6056800000      (au)
     708       0        1.6056800000     (b3u)
     707       0        1.6055800000     (b2u)
     706       0        1.6015400000     (b1g)
     705       0        1.5917400000     (b2g)
     704       0        1.5870400000     (b1u)
     703       0        1.5870300000     (b2u)
     702       0        1.5806900000      (ag)
     701       0        1.5752900000      (au)
     700       0        1.5752800000     (b3u)
     699       0        1.5701900000      (au)
     698       0        1.5599700000     (b1g)
     697       0        1.5599600000     (b2g)
     696       0        1.5577800000     (b2g)
     695       0        1.5577700000     (b1g)
     694       0        1.5569200000     (b1u)
     693       0        1.5569100000     (b2u)
     692       0        1.5547500000      (ag)
     691       0        1.5547500000     (b3g)
     690       0        1.5535400000     (b3u)
     689       0        1.5430500000      (ag)
     688       0        1.5395700000     (b2u)
     687       0        1.5372200000     (b1u)
     686       0        1.5368600000      (au)
     685       0        1.5368500000     (b3u)
     684       0        1.5367700000     (b3g)
     683       0        1.5367500000      (ag)
     682       0        1.5329000000     (b1u)
     681       0        1.5328500000     (b2u)
     680       0        1.5290300000     (b2g)
     679       0        1.5216800000      (ag)
     678       0        1.5216200000     (b3g)
     677       0        1.5158800000     (b1u)
     676       0        1.5158700000     (b2u)
     675       0        1.5125900000     (b1u)
     674       0        1.5051800000     (b3g)
     673       0        1.5032100000      (ag)
     672       0        1.5027100000     (b1u)
     671       0        1.4682000000      (ag)
     670       0        1.4682000000     (b3g)
     669       0        1.4331000000     (b3g)
     668       0        1.4211300000      (ag)
     667       0        1.4026800000     (b2u)
     666       0        1.4026500000     (b1u)
     665       0        1.4008300000     (b3g)
     664       0        1.4007700000      (ag)
     663       0        1.3842900000     (b3g)
     662       0        1.3816100000     (b1u)
     661       0        1.3815900000     (b2u)
     660       0        1.3461700000     (b2u)
     659       0        1.3214700000     (b1u)
     658       0        1.3214400000     (b2u)
     657       0        1.3067800000      (ag)
     656       0        1.3067600000     (b3g)
     655       0        1.2909600000     (b2u)
     654       0        1.2909500000     (b1u)
     653       0        1.2815800000     (b1u)
     652       0        1.2752600000      (ag)
     651       0        1.2752500000     (b3g)
     650       0        1.2736200000     (b2u)
     649       0        1.2645600000      (ag)
     648       0        1.2540900000      (au)
     647       0        1.2540900000     (b3u)
     646       0        1.2518100000     (b1u)
     645       0        1.2518000000     (b2u)
     644       0        1.2465400000     (b3g)
     643       0        1.2464900000      (ag)
     642       0        1.2441600000     (b2g)
     641       0        1.2441300000     (b1g)
     640       0        1.2437800000     (b1u)
     639       0        1.2427600000     (b3g)
     638       0        1.2427500000      (ag)
     637       0        1.2397400000     (b2g)
     636       0        1.2394700000      (ag)
     635       0        1.2240100000     (b3g)
     634       0        1.2180300000     (b3u)
     633       0        1.2097700000      (au)
     632       0        1.2086800000     (b1g)
     631       0        1.1875000000      (au)
     630       0        1.1875000000     (b3u)
     629       0        1.1846200000     (b2g)
     628       0        1.1846100000     (b1g)
     627       0        1.1740200000     (b2u)
     626       0        1.1740100000     (b1u)
     625       0        1.1658900000     (b3g)
     624       0        1.1658500000      (ag)
     623       0        1.1607800000     (b1u)
     622       0        1.1587200000     (b2g)
     621       0        1.1587000000     (b1g)
     620       0        1.1585300000     (b2u)
     619       0        1.1585300000     (b1u)
     618       0        1.1470600000     (b3u)
     617       0        1.1470500000      (au)
     616       0        1.1464900000     (b3u)
     615       0        1.1392300000     (b1g)
     614       0        1.1337500000     (b3u)
     613       0        1.1337500000     (b2g)
     612       0        1.1337300000      (au)
     611       0        1.1293900000     (b2g)
     610       0        1.1293800000     (b1g)
     609       0        1.1277400000     (b3g)
     608       0        1.1256000000     (b2u)
     607       0        1.1177400000     (b3u)
     606       0        1.1116800000      (au)
     605       0        1.1109700000     (b3g)
     604       0        1.1104400000      (ag)
     603       0        1.1085300000     (b1u)
     602       0        1.1085200000     (b2u)
     601       0        1.1078600000     (b1u)
     600       0        1.1053100000      (ag)
     599       0        1.1052900000     (b3g)
     598       0        1.0906900000     (b1g)
     597       0        1.0871900000     (b2u)
     596       0        1.0871900000     (b1u)
     595       0        1.0830700000      (ag)
     594       0        1.0830600000     (b3g)
     593       0        1.0809600000     (b1g)
     592       0        1.0809600000     (b2g)
     591       0        1.0716100000      (ag)
     590       0        1.0716000000     (b3g)
     589       0        1.0708900000      (au)
     588       0        1.0708900000     (b3u)
     587       0        1.0660600000     (b2u)
     586       0        1.0596500000      (ag)
     585       0        1.0596500000     (b3g)
     584       0        1.0556200000     (b1u)
     583       0        1.0556100000     (b2u)
     582       0        1.0535800000      (ag)
     581       0        1.0461000000     (b1u)
     580       0        1.0440600000      (ag)
     579       0        1.0440500000     (b3g)
     578       0        1.0420800000     (b1u)
     577       0        1.0420500000     (b2u)
     576       0        1.0372300000      (au)
     575       0        1.0372300000     (b3u)
     574       0        1.0360200000      (ag)
     573       0        1.0313200000     (b3g)
     572       0        1.0313100000      (ag)
     571       0        1.0292900000     (b2u)
     570       0        1.0282800000     (b2g)
     569       0        1.0282700000     (b1g)
     568       0        1.0268200000     (b1u)
     567       0        1.0268100000     (b2u)
     566       0        1.0194000000     (b1u)
     565       0        1.0193900000     (b2u)
     564       0        1.0186000000     (b3g)
     563       0        1.0158400000     (b3g)
     562       0        1.0132900000     (b3g)
     561       0        1.0132800000      (ag)
     560       0        1.0121100000     (b1g)
     559       0        1.0100800000     (b1u)
     558       0        1.0007800000     (b2u)
     557       0        1.0007700000     (b1u)
     556       0        0.9990100000     (b3g)
     555       0        0.9990000000      (ag)
     554       0        0.9978000000     (b1u)
     553       0        0.9977900000     (b2u)
     552       0        0.9949200000      (ag)
     551       0        0.9897500000     (b3u)
     550       0        0.9866200000     (b2u)
     549       0        0.9692500000      (ag)
     548       0        0.9676100000     (b3g)
     547       0        0.9602400000     (b2u)
     546       0        0.9479400000     (b2u)
     545       0        0.9479400000     (b1u)
     544       0        0.9386100000      (ag)
     543       0        0.9386100000     (b3g)
     542       0        0.9180500000      (au)
     541       0        0.9134000000     (b1u)
     540       0        0.9070800000     (b1u)
     539       0        0.9037700000     (b3g)
     538       0        0.9037400000      (ag)
     537       0        0.8999800000     (b3g)
     536       0        0.8949600000     (b2u)
     535       0        0.8949500000     (b1u)
     534       0        0.8909600000      (ag)
     533       0        0.8817200000     (b2g)
     532       0        0.8817100000     (b1g)
     531       0        0.8779900000     (b1u)
     530       0        0.8779600000     (b2u)
     529       0        0.8684000000     (b2g)
     528       0        0.8676700000      (ag)
     527       0        0.8676600000     (b3g)
     526       0        0.8601600000      (au)
     525       0        0.8601600000     (b3u)
     524       0        0.8591000000     (b1u)
     523       0        0.8590800000     (b2u)
     522       0        0.8546400000     (b1u)
     521       0        0.8536000000      (ag)
     520       0        0.8535900000     (b3g)
     519       0        0.8521800000     (b2g)
     518       0        0.8510900000     (b2u)
     517       0        0.8477000000     (b1u)
     516       0        0.8449700000     (b2g)
     515       0        0.8449600000     (b1g)
     514       0        0.8409000000     (b3g)
     513       0        0.8408800000      (ag)
     512       0        0.8396600000     (b1u)
     511       0        0.8396600000     (b2u)
     510       0        0.8367200000      (au)
     509       0        0.8352700000      (ag)
     508       0        0.8352600000     (b3g)
     507       0        0.8313600000      (ag)
     506       0        0.8274000000      (au)
     505       0        0.8274000000     (b3u)
     504       0        0.8208200000     (b3u)
     503       0        0.8155500000     (b1u)
     502       0        0.8155400000     (b2u)
     501       0        0.8018800000     (b2g)
     500       0        0.7981500000     (b1u)
     499       0        0.7963100000     (b1g)
     498       0        0.7963100000     (b2g)
     497       0        0.7942800000     (b3u)
     496       0        0.7942600000      (au)
     495       0        0.7808400000      (ag)
     494       0        0.7737300000      (ag)
     493       0        0.7695000000     (b1g)
     492       0        0.7670300000     (b3g)
     491       0        0.7592700000     (b3g)
     490       0        0.7592700000      (ag)
     489       0        0.7524700000     (b2u)
     488       0        0.7524500000     (b3u)
     487       0        0.7524400000      (au)
     486       0        0.7517100000     (b1u)
     485       0        0.7482100000     (b2u)
     484       0        0.7482100000     (b1u)
     483       0        0.7438000000     (b2g)
     482       0        0.7437900000     (b1g)
     481       0        0.7418500000      (au)
     480       0        0.7418500000     (b3u)
     479       0        0.7379700000      (ag)
     478       0        0.7379000000      (ag)
     477       0        0.7378900000     (b3g)
     476       0        0.7350900000     (b1u)
     475       0        0.7350700000     (b2u)
     474       0        0.7319200000     (b3g)
     473       0        0.7273000000      (au)
     472       0        0.7228600000     (b1u)
     471       0        0.7228600000     (b2u)
     470       0        0.7144700000     (b3g)
     469       0        0.7144600000      (ag)
     468       0        0.7128500000      (ag)
     467       0        0.7081400000      (ag)
     466       0        0.7081300000     (b3g)
     465       0        0.7074900000     (b2g)
     464       0        0.7050000000     (b1g)
     463       0        0.7042700000     (b1u)
     462       0        0.7029500000     (b2u)
     461       0        0.7029500000     (b1u)
     460       0        0.7005900000     (b2u)
     459       0        0.6988900000     (b2g)
     458       0        0.6988800000     (b1g)
     457       0        0.6953300000     (b1u)
     456       0        0.6953200000     (b2u)
     455       0        0.6826600000     (b3u)
     454       0        0.6797200000      (ag)
     453       0        0.6797200000     (b3g)
     452       0        0.6784400000     (b2u)
     451       0        0.6731900000     (b2g)
     450       0        0.6731900000     (b1g)
     449       0        0.6692600000     (b1u)
     448       0        0.6686300000     (b1u)
     447       0        0.6686200000     (b2u)
     446       0        0.6644400000     (b3u)
     445       0        0.6644400000      (au)
     444       0        0.6586800000     (b3u)
     443       0        0.6546500000      (ag)
     442       0        0.6546300000     (b3g)
     441       0        0.6534600000      (ag)
     440       0        0.6492900000      (ag)
     439       0        0.6492800000     (b3g)
     438       0        0.6450000000     (b3u)
     437       0        0.6449900000      (au)
     436       0        0.6325900000     (b2u)
     435       0        0.6325900000     (b1u)
     434       0        0.6325200000     (b3g)
     433       0        0.6298300000     (b3g)
     432       0        0.6284500000     (b2g)
     431       0        0.6284500000     (b1g)
     430       0        0.6265900000      (ag)
     429       0        0.6228300000     (b1g)
     428       0        0.6227300000     (b2g)
     427       0        0.6139100000     (b2u)
     426       0        0.6137500000     (b3u)
     425       0        0.6096700000      (ag)
     424       0        0.6096700000     (b3g)
     423       0        0.6079600000     (b3u)
     422       0        0.6079600000      (au)
     421       0        0.6030900000     (b2u)
     420       0        0.5956700000     (b2g)
     419       0        0.5956700000     (b1g)
     418       0        0.5951800000     (b1u)
     417       0        0.5937500000     (b2u)
     416       0        0.5937500000     (b1u)
     415       0        0.5885200000     (b1u)
     414       0        0.5842900000     (b3g)
     413       0        0.5833500000     (b3u)
     412       0        0.5755500000      (ag)
     411       0        0.5740800000     (b1u)
     410       0        0.5740700000     (b2u)
     409       0        0.5716800000     (b3g)
     408       0        0.5716700000      (ag)
     407       0        0.5640100000     (b1u)
     406       0        0.5640100000     (b2u)
     405       0        0.5540700000     (b3g)
     404       0        0.5540600000      (ag)
     403       0        0.5387400000     (b2u)
     402       0        0.5381700000     (b3g)
     401       0        0.5341700000      (ag)
     400       0        0.5333900000     (b3g)
     399       0        0.5333800000      (ag)
     398       0        0.5332800000     (b2u)
     397       0        0.5332800000     (b1u)
     396       0        0.5274400000     (b1u)
     395       0        0.5214500000     (b1u)
     394       0        0.5190300000      (ag)
     393       0        0.5190300000     (b3g)
     392       0        0.5090300000     (b2u)
     391       0        0.5090300000     (b1u)
     390       0        0.5013600000     (b2u)
     389       0        0.4973000000     (b3g)
     388       0        0.4972800000      (ag)
     387       0        0.4924600000     (b3g)
     386       0        0.4789700000     (b1u)
     385       0        0.4789700000     (b2u)
     384       0        0.4786600000     (b1u)
     383       0        0.4781200000     (b3g)
     382       0        0.4781200000      (ag)
     381       0        0.4728100000     (b2u)
     380       0        0.4728100000     (b1u)
     379       0        0.4714400000      (ag)
     378       0        0.4680200000      (au)
     377       0        0.4624100000     (b3g)
     376       0        0.4624100000      (ag)
     375       0        0.4506900000     (b2g)
     374       0        0.4505600000      (ag)
     373       0        0.4498800000     (b1u)
     372       0        0.4498700000     (b2u)
     371       0        0.4328400000     (b1u)
     370       0        0.4298200000      (ag)
     369       0        0.4298100000     (b3g)
     368       0        0.4241500000     (b3g)
     367       0        0.4187000000     (b1u)
     366       0        0.4186900000     (b2u)
     365       0        0.4130100000     (b3g)
     364       0        0.4130000000      (ag)
     363       0        0.4122300000     (b2u)
     362       0        0.3976400000      (ag)
     361       0        0.3949500000      (ag)
     360       0        0.3949400000     (b3g)
     359       0        0.3948700000     (b1g)
     358       0        0.3948600000     (b2g)
     357       0        0.3922700000     (b1u)
     356       0        0.3922700000     (b2u)
     355       0        0.3877500000     (b1u)
     354       0        0.3856100000     (b3g)
     353       0        0.3827800000     (b2u)
     352       0        0.3815500000     (b1u)
     351       0        0.3815400000     (b2u)
     350       0        0.3814200000      (ag)
     349       0        0.3806900000      (ag)
     348       0        0.3806900000     (b3g)
     347       0        0.3796400000     (b2u)
     346       0        0.3796400000     (b1u)
     345       0        0.3793400000      (au)
     344       0        0.3793400000     (b3u)
     343       0        0.3689100000     (b3g)
     342       0        0.3652100000     (b3g)
     341       0        0.3652100000      (ag)
     340       0        0.3628300000     (b3u)
     339       0        0.3628200000      (au)
     338       0        0.3604500000     (b1u)
     337       0        0.3604400000     (b2u)
     336       0        0.3597900000     (b1u)
     335       0        0.3592200000     (b1u)
     334       0        0.3550000000      (ag)
     333       0        0.3550000000     (b3g)
     332       0        0.3499400000     (b2u)
     331       0        0.3493900000      (ag)
     330       0        0.3484900000     (b2u)
     329       0        0.3484900000     (b1u)
     328       0        0.3446100000      (ag)
     327       0        0.3446100000     (b3g)
     326       0        0.3414900000     (b2g)
     325       0        0.3394400000     (b3g)
     324       0        0.3389500000     (b1u)
     323       0        0.3362800000     (b1u)
     322       0        0.3362800000     (b2u)
     321       0        0.3354900000     (b2u)
     320       0        0.3315700000      (ag)
     319       0        0.3308200000     (b2u)
     318       0        0.3308200000     (b1u)
     317       0        0.3285100000     (b3g)
     316       0        0.3285000000      (ag)
     315       0        0.3234400000     (b2g)
     314       0        0.3205900000     (b3g)
     313       0        0.3205800000      (ag)
     312       0        0.3200600000     (b1g)
     311       0        0.3186700000     (b3u)
     310       0        0.3186600000      (au)
     309       0        0.3182000000      (au)
     308       0        0.3148200000     (b2g)
     307       0        0.3148100000     (b1g)
     306       0        0.3144900000     (b1u)
     305       0        0.3121300000      (ag)
     304       0        0.3112300000     (b2u)
     303       0        0.3112300000     (b1u)
     302       0        0.3101300000     (b3g)
     301       0        0.3101300000      (ag)
     300       0        0.3040300000     (b2u)
     299       0        0.3040200000     (b1u)
     298       0        0.3016500000     (b2u)
     297       0        0.2969200000     (b2g)
     296       0        0.2960300000     (b3g)
     295       0        0.2960300000      (ag)
     294       0        0.2959000000     (b2g)
     293       0        0.2958900000     (b1g)
     292       0        0.2918500000      (ag)
     291       0        0.2915500000     (b3g)
     290       0        0.2872100000     (b3u)
     289       0        0.2872100000      (au)
     288       0        0.2846800000     (b1u)
     287       0        0.2846800000     (b2u)
     286       0        0.2833000000     (b3g)
     285       0        0.2832800000      (ag)
     284       0        0.2826600000     (b1u)
     283       0        0.2773800000     (b2u)
     282       0        0.2750800000     (b2g)
     281       0        0.2750700000     (b1g)
     280       0        0.2719700000      (ag)
     279       0        0.2719700000     (b3g)
     278       0        0.2651500000      (ag)
     277       0        0.2649300000     (b3u)
     276       0        0.2644300000     (b1u)
     275       0        0.2644100000     (b2u)
     274       0        0.2621300000      (au)
     273       0        0.2621300000     (b3u)
     272       0        0.2561600000     (b1u)
     271       0        0.2561600000     (b2u)
     270       0        0.2541500000     (b3g)
     269       0        0.2541400000      (ag)
     268       0        0.2522000000      (ag)
     267       0        0.2495000000     (b3g)
     266       0        0.2477300000     (b3u)
     265       0        0.2477200000      (au)
     264       0        0.2467800000     (b2g)
     263       0        0.2467800000     (b1g)
     262       0        0.2451500000     (b1u)
     261       0        0.2394000000      (ag)
     260       0        0.2382600000     (b3g)
     259       0        0.2382500000      (ag)
     258       0        0.2342700000     (b1u)
     257       0        0.2326300000     (b2u)
     256       0        0.2323800000      (au)
     255       0        0.2289900000     (b3u)
     254       0        0.2272000000     (b2u)
     253       0        0.2271900000     (b1u)
     252       0        0.2222400000     (b1u)
     251       0        0.2222000000     (b2u)
     250       0        0.2211900000     (b1g)
     249       0        0.2211800000     (b2g)
     248       0        0.2177700000     (b2u)
     247       0        0.2177700000     (b1u)
     246       0        0.2136800000     (b1g)
     245       0        0.2108700000      (ag)
     244       0        0.2108600000     (b3g)
     243       0        0.2104300000     (b3u)
     242       0        0.2056900000     (b2g)
     241       0        0.1967400000      (ag)
     240       0        0.1967100000     (b1u)
     239       0        0.1967100000     (b2u)
     238       0        0.1954100000      (ag)
     237       0        0.1937300000     (b2u)
     236       0        0.1927500000      (ag)
     235       0        0.1927400000     (b3g)
     234       0        0.1921400000     (b3g)
     233       0        0.1834600000      (au)
     232       0        0.1819500000     (b2u)
     231       0        0.1819500000     (b1u)
     230       0        0.1817600000     (b2g)
     229       0        0.1817600000     (b1g)
     228       0        0.1788200000     (b3u)
     227       0        0.1769100000     (b1u)
     226       0        0.1765500000      (au)
     225       0        0.1765500000     (b3u)
     224       0        0.1741200000     (b3g)
     223       0        0.1741200000      (ag)
     222       0        0.1685000000      (ag)
     221       0        0.1685000000     (b3g)
     220       0        0.1643100000     (b3u)
     219       0        0.1643100000      (au)
     218       0        0.1621500000     (b2u)
     217       0        0.1614300000     (b2g)
     216       0        0.1588800000     (b2u)
     215       0        0.1588800000     (b1u)
     214       0        0.1586500000      (ag)
     213       0        0.1586500000     (b3g)
     212       0        0.1516300000      (ag)
     211       0        0.1513400000     (b1u)
     210       0        0.1509400000     (b1g)
     209       0        0.1509400000     (b2g)
     208       0        0.1473300000     (b2u)
     207       0        0.1473300000     (b1u)
     206       0        0.1413700000     (b2g)
     205       0        0.1413700000     (b1g)
     204       0        0.1405400000     (b2u)
     203       0        0.1367700000     (b1g)
     202       0        0.1352400000      (ag)
     201       0        0.1352400000     (b3g)
     200       0        0.1343800000     (b1u)
     199       0        0.1306900000     (b3u)
     198       0        0.1306900000      (au)
     197       0        0.1272400000      (ag)
     196       0        0.1146800000     (b2u)
     195       0        0.1146800000     (b1u)
     194       0        0.1114800000     (b2g)
     193       0        0.1114700000     (b1g)
     192       0        0.1094600000      (ag)
     191       0        0.1094600000     (b3g)
     190       0        0.1092800000     (b3u)
     189       0        0.1026400000     (b3u)
     188       0        0.1026400000      (au)
     187       0        0.1024000000     (b3u)
     186       0        0.0997200000     (b2g)
     185       0        0.0981100000      (ag)
     184       0        0.0951000000     (b3g)
     183       0        0.0931000000      (ag)
     182       0        0.0872300000     (b2u)
     181       0        0.0872200000     (b1u)
     180       0        0.0796300000     (b2u)
     179       0        0.0796300000     (b1u)
     178       0        0.0763400000     (b3u)
     177       0        0.0763300000      (au)
     176       0        0.0693700000     (b2g)
     175       0        0.0693700000     (b1g)
     174       0        0.0659000000      (ag)
     173       0        0.0659000000     (b3g)
     172       0        0.0587700000      (ag)
     171       0        0.0542500000     (b2u)
     170       0        0.0538500000     (b1u)
     169       0        0.0535300000      (au)
     168       0        0.0455800000      (ag)
     167       0        0.0455800000     (b3g)
     166       0        0.0397800000     (b1u)
     165       0        0.0397800000     (b2u)
     164       0        0.0373500000      (ag)
     163       0        0.0326500000     (b1g)
     162       0        0.0240000000     (b2g)
     161       0        0.0106400000     (b3u)
     160       0       -0.0114700000     (b2g)
     159       0       -0.0114800000     (b1g)
     158       0       -0.0168800000      (au)
     157       0       -0.0168800000     (b3u)
     156       2       -0.2700300000     (b2g)
     155       2       -0.2700300000     (b1g)
     154       2       -0.2790700000      (au)
     153       2       -0.2790700000     (b3u)
     152       2       -0.3066900000     (b3u)
     151       2       -0.3191400000      (au)
     150       2       -0.3232200000     (b2g)
     149       2       -0.3377100000     (b1g)
     148       2       -0.3642600000     (b1g)
     147       2       -0.3642600000     (b2g)
     146       2       -0.3749400000     (b3u)
     145       2       -0.3749500000      (au)
     144       2       -0.4048200000     (b2g)
     143       2       -0.4048300000     (b1g)
     142       2       -0.4061100000     (b3g)
     141       2       -0.4061200000      (ag)
     140       2       -0.4071600000     (b1u)
     139       2       -0.4128000000     (b3u)
     138       2       -0.4152000000      (au)
     137       2       -0.4152000000     (b3u)
     136       2       -0.4201300000     (b1u)
     135       2       -0.4201500000     (b2u)
     134       2       -0.4254900000     (b2u)
     133       2       -0.4337300000     (b3g)
     132       2       -0.4531000000      (ag)
     131       2       -0.4531100000     (b3g)
     130       2       -0.4546600000     (b2g)
     129       2       -0.4547500000      (ag)
     128       2       -0.4571300000     (b1g)
     127       2       -0.4650000000     (b1u)
     126       2       -0.4650000000     (b2u)
     125       2       -0.4834800000      (ag)
     124       2       -0.4834800000     (b3g)
     123       2       -0.4898700000     (b3u)
     122       2       -0.4898700000      (au)
     121       2       -0.4928200000     (b1u)
     120       2       -0.4928300000     (b2u)
     119       2       -0.5034900000     (b2u)
     118       2       -0.5054000000      (ag)
     117       2       -0.5054100000     (b3g)
     116       2       -0.5086800000     (b1u)
     115       2       -0.5094000000     (b1u)
     114       2       -0.5129600000     (b2g)
     113       2       -0.5129700000     (b1g)
     112       2       -0.5158100000     (b1u)
     111       2       -0.5158200000     (b2u)
     110       2       -0.5166200000     (b3g)
     109       2       -0.5212500000     (b3u)
     108       2       -0.5246400000      (ag)
     107       2       -0.5329600000     (b3g)
     106       2       -0.5329600000      (ag)
     105       2       -0.5372300000     (b2u)
     104       2       -0.5385800000      (ag)
     103       2       -0.5517900000     (b1u)
     102       2       -0.5518200000     (b2u)
     101       2       -0.5621400000     (b3g)
     100       2       -0.5621400000      (ag)
      99       2       -0.5653500000     (b1u)
      98       2       -0.5653600000     (b2u)
      97       2       -0.5685700000     (b3g)
      96       2       -0.6011200000      (ag)
      95       2       -0.6011200000     (b3g)
      94       2       -0.6026300000      (ag)
      93       2       -0.6123700000     (b1u)
      92       2       -0.6123800000     (b2u)
      91       2       -0.6228900000     (b1u)
      90       2       -0.6228900000     (b2u)
      89       2       -0.6284100000     (b2u)
      88       2       -0.6479300000      (ag)
      87       2       -0.6616800000      (ag)
      86       2       -0.6616800000     (b3g)
      85       2       -0.6685400000     (b1u)
      84       2       -0.6974300000     (b3g)
      83       2       -0.7014400000     (b3g)
      82       2       -0.7014500000      (ag)
      81       2       -0.7060000000     (b1u)
      80       2       -0.7152500000     (b1u)
      79       2       -0.7152700000     (b2u)
      78       2       -0.7230900000     (b2u)
      77       2       -0.7512000000     (b3g)
      76       2       -0.7512000000      (ag)
      75       2       -0.7550700000      (ag)
      74       2       -0.7561600000     (b1u)
      73       2       -0.7561600000     (b2u)
      72       2       -0.8150300000     (b1u)
      71       2       -0.8150400000     (b2u)
      70       2       -0.8163300000      (ag)
      69       2       -0.8163300000     (b3g)
      68       2       -0.8457900000     (b1u)
      67       2       -0.8506100000     (b3g)
      66       2       -0.8506900000      (ag)
      65       2       -0.8616600000     (b2u)
      64       2       -0.8859800000     (b3g)
      63       2       -0.8859900000      (ag)
      62       2       -0.8872500000     (b1u)
      61       2       -0.8872500000     (b2u)
      60       2       -0.9122400000     (b1u)
      59       2       -0.9122400000     (b2u)
      58       2       -0.9177900000      (ag)
      57       2       -0.9292500000     (b3g)
      56       2       -0.9292600000      (ag)
      55       2       -0.9604600000     (b1u)
      54       2       -0.9615000000     (b2u)
      53       2       -0.9876100000     (b3g)
      52       2       -0.9876100000      (ag)
      51       2       -1.0057400000     (b1u)
      50       2       -1.0057400000     (b2u)
      49       2       -1.0122900000      (ag)
      48       2      -10.2955000000      (ag)
      47       2      -10.2955100000     (b1u)
      46       2      -10.2955100000     (b2u)
      45       2      -10.2955200000      (ag)
      44       2      -10.2955200000     (b3g)
      43       2      -10.2955300000     (b1u)
      42       2      -10.2988200000      (ag)
      41       2      -10.2988200000     (b2u)
      40       2      -10.2988200000     (b1u)
      39       2      -10.2988200000     (b3g)
      38       2      -10.2988200000     (b1u)
      37       2      -10.2988200000     (b3g)
      36       2      -10.2995400000     (b1u)
      35       2      -10.2995400000      (ag)
      34       2      -10.2995500000     (b2u)
      33       2      -10.2995500000      (ag)
      32       2      -10.2995500000     (b3g)
      31       2      -10.2995500000     (b1u)
      30       2      -10.2996000000     (b2u)
      29       2      -10.2996000000     (b3g)
      28       2      -10.2996000000      (ag)
      27       2      -10.2996000000     (b1u)
      26       2      -10.2996100000      (ag)
      25       2      -10.2996100000     (b2u)
      24       2      -10.3079000000     (b3g)
      23       2      -10.3079000000     (b1u)
      22       2      -10.3079000000     (b2u)
      21       2      -10.3079100000     (b3g)
      20       2      -10.3079100000      (ag)
      19       2      -10.3079200000     (b1u)
      18       2      -10.3080100000     (b2u)
      17       2      -10.3080200000      (ag)
      16       2      -10.3080200000     (b3g)
      15       2      -10.3080300000     (b1u)
      14       2      -10.3080300000     (b2u)
      13       2      -10.3080300000      (ag)
      12       2      -10.3084000000     (b3g)
      11       2      -10.3084000000     (b1u)
      10       2      -10.3084000000      (ag)
       9       2      -10.3084000000     (b2u)
       8       2      -10.3084000000     (b3g)
       7       2      -10.3084000000     (b1u)
       6       2      -10.3086200000      (ag)
       5       2      -10.3086200000     (b2u)
       4       2      -10.3086300000     (b1u)
       3       2      -10.3086300000     (b2u)
       2       2      -10.3086300000      (ag)
       1       2      -10.3086400000     (b3g)
