    1763       0       24.3773900000      (ag)
    1762       0       24.3773700000      (ag)
    1761       0       24.3769900000      (bu)
    1760       0       24.3760200000      (ag)
    1759       0       24.3752000000      (bu)
    1758       0       24.3751800000      (bu)
    1757       0       24.3086700000      (bu)
    1756       0       24.3086500000      (bu)
    1755       0       24.3084700000      (ag)
    1754       0       24.3080000000      (ag)
    1753       0       24.3079800000      (ag)
    1752       0       24.3071800000      (bu)
    1751       0       24.3071400000      (bu)
    1750       0       24.3069300000      (bu)
    1749       0       24.3063200000      (ag)
    1748       0       24.3063000000      (ag)
    1747       0       24.3054400000      (ag)
    1746       0       24.3046600000      (bu)
    1745       0       24.2685900000      (ag)
    1744       0       24.2610600000      (bu)
    1743       0       24.2610500000      (bu)
    1742       0       24.2526300000      (ag)
    1741       0       24.2525900000      (ag)
    1740       0       24.2487700000      (bu)
    1739       0       24.2481900000      (bu)
    1738       0       24.2467500000      (ag)
    1737       0       24.2467200000      (ag)
    1736       0       24.2448500000      (bu)
    1735       0       24.2448500000      (bu)
    1734       0       24.2437200000      (ag)
    1733       0       24.1674100000      (bu)
    1732       0       24.1645100000      (ag)
    1731       0       24.1644800000      (ag)
    1730       0       24.1613300000      (bu)
    1729       0       24.1613000000      (bu)
    1728       0       24.1577000000      (ag)
    1727       0       24.1459400000      (bu)
    1726       0       24.1458200000      (ag)
    1725       0       24.1458200000      (ag)
    1724       0       24.1406500000      (bu)
    1723       0       24.1406400000      (bu)
    1722       0       24.1351900000      (ag)
    1721       0       24.0901000000      (ag)
    1720       0       24.0807300000      (bu)
    1719       0       24.0806400000      (bu)
    1718       0       24.0670900000      (ag)
    1717       0       24.0670700000      (ag)
    1716       0       24.0588200000      (bu)
    1715       0       24.0343100000      (bu)
    1714       0       24.0326600000      (ag)
    1713       0       24.0326600000      (ag)
    1712       0       24.0325400000      (ag)
    1711       0       24.0244700000      (bu)
    1710       0       24.0244600000      (bu)
    1709       0       24.0148100000      (ag)
    1708       0       24.0144900000      (bu)
    1707       0       24.0144800000      (bu)
    1706       0       24.0086600000      (ag)
    1705       0       24.0086300000      (ag)
    1704       0       24.0064100000      (bu)
    1703       0       23.9564000000      (ag)
    1702       0       23.9516900000      (bu)
    1701       0       23.9516600000      (bu)
    1700       0       23.9142900000      (ag)
    1699       0       23.9142700000      (ag)
    1698       0       23.8358300000      (bu)
    1697       0       23.8302000000      (bu)
    1696       0       23.7317000000      (ag)
    1695       0       23.7316500000      (ag)
    1694       0       23.6140700000      (bu)
    1693       0       23.6140300000      (bu)
    1692       0       23.5392500000      (ag)
    1691       0        5.0785700000      (ag)
    1690       0        5.0039900000      (bu)
    1689       0        5.0039300000      (bu)
    1688       0        4.9968300000      (bu)
    1687       0        4.9952600000      (ag)
    1686       0        4.9952300000      (ag)
    1685       0        4.9824400000      (ag)
    1684       0        4.9580200000      (bu)
    1683       0        4.9580000000      (bu)
    1682       0        4.9572500000      (ag)
    1681       0        4.9571900000      (ag)
    1680       0        4.9446700000      (bu)
    1679       0        4.9419500000      (ag)
    1678       0        4.9129100000      (bu)
    1677       0        4.9128900000      (bu)
    1676       0        4.8976900000      (bu)
    1675       0        4.8956800000      (ag)
    1674       0        4.8956700000      (ag)
    1673       0        4.8931200000      (ag)
    1672       0        4.8694400000      (bu)
    1671       0        4.8694100000      (bu)
    1670       0        4.6932800000      (ag)
    1669       0        4.6932200000      (ag)
    1668       0        4.6253400000      (bu)
    1667       0        4.5246400000      (bu)
    1666       0        4.4821700000      (ag)
    1665       0        4.4821200000      (ag)
    1664       0        4.4348800000      (ag)
    1663       0        4.4283200000      (bu)
    1662       0        4.4282800000      (bu)
    1661       0        4.3950700000      (bu)
    1660       0        4.3871500000      (ag)
    1659       0        4.3871000000      (ag)
    1658       0        4.3819900000      (bu)
    1657       0        4.3819600000      (bu)
    1656       0        4.3540300000      (ag)
    1655       0        4.3509600000      (ag)
    1654       0        4.3384500000      (bu)
    1653       0        4.3327400000      (ag)
    1652       0        4.3327000000      (ag)
    1651       0        4.3250200000      (bu)
    1650       0        4.3250200000      (bu)
    1649       0        4.3082100000      (ag)
    1648       0        4.3082000000      (ag)
    1647       0        4.3042600000      (bu)
    1646       0        4.3042200000      (bu)
    1645       0        4.3011000000      (bu)
    1644       0        4.2809500000      (ag)
    1643       0        4.2025100000      (ag)
    1642       0        4.1925500000      (bu)
    1641       0        4.1925200000      (bu)
    1640       0        4.1844600000      (ag)
    1639       0        4.1844300000      (ag)
    1638       0        4.1829100000      (bu)
    1637       0        3.9593900000      (bu)
    1636       0        3.9593800000      (bu)
    1635       0        3.9552000000      (ag)
    1634       0        3.9551900000      (ag)
    1633       0        3.9491100000      (bu)
    1632       0        3.9450100000      (ag)
    1631       0        3.9267700000      (bu)
    1630       0        3.9116900000      (ag)
    1629       0        3.9116200000      (ag)
    1628       0        3.9019100000      (ag)
    1627       0        3.8867400000      (bu)
    1626       0        3.8867100000      (bu)
    1625       0        3.8519400000      (bu)
    1624       0        3.8519200000      (bu)
    1623       0        3.8447500000      (ag)
    1622       0        3.8431000000      (ag)
    1621       0        3.8430600000      (ag)
    1620       0        3.8330000000      (bu)
    1619       0        3.8323200000      (ag)
    1618       0        3.8314200000      (bu)
    1617       0        3.8313800000      (bu)
    1616       0        3.8185800000      (ag)
    1615       0        3.8185800000      (ag)
    1614       0        3.8116600000      (bu)
    1613       0        3.7847500000      (ag)
    1612       0        3.7847500000      (ag)
    1611       0        3.7845500000      (bu)
    1610       0        3.7845400000      (bu)
    1609       0        3.7686000000      (ag)
    1608       0        3.7575800000      (bu)
    1607       0        3.7468800000      (ag)
    1606       0        3.7468800000      (ag)
    1605       0        3.7370800000      (bu)
    1604       0        3.7370500000      (bu)
    1603       0        3.7352400000      (bu)
    1602       0        3.7317700000      (bu)
    1601       0        3.7275400000      (ag)
    1600       0        3.6881200000      (ag)
    1599       0        3.6881000000      (ag)
    1598       0        3.6830100000      (ag)
    1597       0        3.6686200000      (bu)
    1596       0        3.6685900000      (bu)
    1595       0        3.6653500000      (ag)
    1594       0        3.6653300000      (ag)
    1593       0        3.6592500000      (bu)
    1592       0        3.6413300000      (bu)
    1591       0        3.6413000000      (bu)
    1590       0        3.6330600000      (bu)
    1589       0        3.6281200000      (ag)
    1588       0        3.6237600000      (ag)
    1587       0        3.6195000000      (ag)
    1586       0        3.6194900000      (ag)
    1585       0        3.6109500000      (bu)
    1584       0        3.6109100000      (bu)
    1583       0        3.5784900000      (bu)
    1582       0        3.5784400000      (bu)
    1581       0        3.5614200000      (ag)
    1580       0        3.5599700000      (ag)
    1579       0        3.5599500000      (ag)
    1578       0        3.5521300000      (ag)
    1577       0        3.5351200000      (bu)
    1576       0        3.5248000000      (bu)
    1575       0        3.5228100000      (bu)
    1574       0        3.5227800000      (bu)
    1573       0        3.5182000000      (ag)
    1572       0        3.5181800000      (ag)
    1571       0        3.5051500000      (bu)
    1570       0        3.5051400000      (bu)
    1569       0        3.5032900000      (ag)
    1568       0        3.5026500000      (ag)
    1567       0        3.5026100000      (ag)
    1566       0        3.4957900000      (bu)
    1565       0        3.4915100000      (bu)
    1564       0        3.4915000000      (bu)
    1563       0        3.4887800000      (ag)
    1562       0        3.4887600000      (ag)
    1561       0        3.4832700000      (ag)
    1560       0        3.4804700000      (bu)
    1559       0        3.4692000000      (ag)
    1558       0        3.4632100000      (bu)
    1557       0        3.4631800000      (bu)
    1556       0        3.4430500000      (ag)
    1555       0        3.4430000000      (ag)
    1554       0        3.3993800000      (bu)
    1553       0        3.3894500000      (ag)
    1552       0        3.3785900000      (bu)
    1551       0        3.3785700000      (bu)
    1550       0        3.3742300000      (bu)
    1549       0        3.3741300000      (ag)
    1548       0        3.3741200000      (ag)
    1547       0        3.3566900000      (bu)
    1546       0        3.3557400000      (ag)
    1545       0        3.3557300000      (ag)
    1544       0        3.3549300000      (bu)
    1543       0        3.3549300000      (bu)
    1542       0        3.3486600000      (ag)
    1541       0        3.3426800000      (bu)
    1540       0        3.3051200000      (ag)
    1539       0        3.3051100000      (ag)
    1538       0        3.3047400000      (bu)
    1537       0        3.3047200000      (bu)
    1536       0        3.3047000000      (ag)
    1535       0        3.2800500000      (ag)
    1534       0        3.2799900000      (ag)
    1533       0        3.2794800000      (bu)
    1532       0        3.2666600000      (bu)
    1531       0        3.2665500000      (bu)
    1530       0        3.2645100000      (ag)
    1529       0        3.2388700000      (au)
    1528       0        3.2299000000      (bg)
    1527       0        3.2298900000      (bg)
    1526       0        3.2234000000      (bg)
    1525       0        3.2212000000      (au)
    1524       0        3.2211700000      (au)
    1523       0        3.2089800000      (bg)
    1522       0        3.2089800000      (bg)
    1521       0        3.2054500000      (au)
    1520       0        3.2043000000      (au)
    1519       0        3.2042900000      (au)
    1518       0        3.1890100000      (bg)
    1517       0        3.1870900000      (bg)
    1516       0        3.1701200000      (au)
    1515       0        3.1701200000      (au)
    1514       0        3.1679500000      (bu)
    1513       0        3.1631600000      (ag)
    1512       0        3.1628100000      (ag)
    1511       0        3.1604700000      (au)
    1510       0        3.1560100000      (bg)
    1509       0        3.1559900000      (bg)
    1508       0        3.1531700000      (bu)
    1507       0        3.1528400000      (bu)
    1506       0        3.1524800000      (ag)
    1505       0        3.1244100000      (au)
    1504       0        3.1196100000      (bg)
    1503       0        3.1135000000      (bg)
    1502       0        3.1134800000      (bg)
    1501       0        3.0979700000      (au)
    1500       0        3.0979600000      (au)
    1499       0        3.0931600000      (bu)
    1498       0        3.0906700000      (ag)
    1497       0        3.0906100000      (ag)
    1496       0        3.0795800000      (bu)
    1495       0        3.0795600000      (bu)
    1494       0        3.0751000000      (au)
    1493       0        3.0750700000      (au)
    1492       0        3.0740700000      (ag)
    1491       0        3.0556000000      (ag)
    1490       0        3.0535700000      (bg)
    1489       0        3.0491200000      (bg)
    1488       0        3.0491000000      (bg)
    1487       0        3.0459200000      (au)
    1486       0        3.0427600000      (bu)
    1485       0        3.0427500000      (bu)
    1484       0        3.0411900000      (ag)
    1483       0        3.0410000000      (ag)
    1482       0        3.0363800000      (bu)
    1481       0        3.0311700000      (bg)
    1480       0        3.0311700000      (bg)
    1479       0        3.0186000000      (bg)
    1478       0        3.0106000000      (au)
    1477       0        3.0066700000      (au)
    1476       0        3.0066600000      (au)
    1475       0        2.9978600000      (au)
    1474       0        2.9978500000      (au)
    1473       0        2.9929300000      (au)
    1472       0        2.9877900000      (bg)
    1471       0        2.9813700000      (bu)
    1470       0        2.9807600000      (bg)
    1469       0        2.9807500000      (bg)
    1468       0        2.9759000000      (ag)
    1467       0        2.9758900000      (ag)
    1466       0        2.9707400000      (bu)
    1465       0        2.9707300000      (bu)
    1464       0        2.9655600000      (ag)
    1463       0        2.9531600000      (au)
    1462       0        2.9452900000      (bu)
    1461       0        2.9452900000      (bu)
    1460       0        2.9426000000      (bg)
    1459       0        2.9425900000      (bg)
    1458       0        2.9405500000      (bg)
    1457       0        2.9405100000      (ag)
    1456       0        2.9309800000      (ag)
    1455       0        2.9294800000      (ag)
    1454       0        2.9293900000      (ag)
    1453       0        2.9272700000      (au)
    1452       0        2.9272600000      (au)
    1451       0        2.9259700000      (ag)
    1450       0        2.9258400000      (ag)
    1449       0        2.9242600000      (bu)
    1448       0        2.9188100000      (bu)
    1447       0        2.9171600000      (bu)
    1446       0        2.9171500000      (bu)
    1445       0        2.9086800000      (ag)
    1444       0        2.9086700000      (ag)
    1443       0        2.9082200000      (bu)
    1442       0        2.9073900000      (au)
    1441       0        2.9073800000      (au)
    1440       0        2.9073700000      (bu)
    1439       0        2.9073000000      (bu)
    1438       0        2.9050900000      (ag)
    1437       0        2.9037800000      (bg)
    1436       0        2.8934700000      (ag)
    1435       0        2.8922200000      (ag)
    1434       0        2.8921800000      (ag)
    1433       0        2.8919700000      (bu)
    1432       0        2.8919600000      (bu)
    1431       0        2.8897300000      (bu)
    1430       0        2.8856700000      (bg)
    1429       0        2.8856700000      (bg)
    1428       0        2.8845900000      (bu)
    1427       0        2.8832500000      (ag)
    1426       0        2.8832400000      (ag)
    1425       0        2.8792700000      (bu)
    1424       0        2.8791300000      (bu)
    1423       0        2.8727200000      (au)
    1422       0        2.8552100000      (bu)
    1421       0        2.8548100000      (bg)
    1420       0        2.8546900000      (au)
    1419       0        2.8546900000      (au)
    1418       0        2.8503800000      (ag)
    1417       0        2.8503500000      (ag)
    1416       0        2.8499900000      (ag)
    1415       0        2.8490600000      (bg)
    1414       0        2.8490600000      (bg)
    1413       0        2.8444200000      (bu)
    1412       0        2.8396800000      (au)
    1411       0        2.8366400000      (ag)
    1410       0        2.8365700000      (ag)
    1409       0        2.8343400000      (bu)
    1408       0        2.8343300000      (bu)
    1407       0        2.8235400000      (ag)
    1406       0        2.8174900000      (ag)
    1405       0        2.8120700000      (bu)
    1404       0        2.8101700000      (bu)
    1403       0        2.8100100000      (bu)
    1402       0        2.8085200000      (au)
    1401       0        2.8045600000      (ag)
    1400       0        2.8045400000      (ag)
    1399       0        2.7914700000      (bg)
    1398       0        2.7914700000      (bg)
    1397       0        2.7891800000      (bu)
    1396       0        2.7890900000      (bu)
    1395       0        2.7843100000      (bu)
    1394       0        2.7841600000      (bu)
    1393       0        2.7812900000      (ag)
    1392       0        2.7737200000      (bu)
    1391       0        2.7683500000      (au)
    1390       0        2.7683500000      (au)
    1389       0        2.7630900000      (ag)
    1388       0        2.7629600000      (ag)
    1387       0        2.7558100000      (ag)
    1386       0        2.7551100000      (bg)
    1385       0        2.7443900000      (bg)
    1384       0        2.7389500000      (ag)
    1383       0        2.7380700000      (au)
    1382       0        2.7380700000      (au)
    1381       0        2.7333800000      (bg)
    1380       0        2.7333800000      (bg)
    1379       0        2.7327000000      (ag)
    1378       0        2.7319900000      (au)
    1377       0        2.7269600000      (bu)
    1376       0        2.7268600000      (bu)
    1375       0        2.7195600000      (ag)
    1374       0        2.7195400000      (bu)
    1373       0        2.7195100000      (ag)
    1372       0        2.7194700000      (bu)
    1371       0        2.6963000000      (bu)
    1370       0        2.6943200000      (ag)
    1369       0        2.6943000000      (ag)
    1368       0        2.6918500000      (bu)
    1367       0        2.6833900000      (bu)
    1366       0        2.6765000000      (ag)
    1365       0        2.6763600000      (ag)
    1364       0        2.6599200000      (bu)
    1363       0        2.6598400000      (bu)
    1362       0        2.6514400000      (ag)
    1361       0        2.6326200000      (ag)
    1360       0        2.6326000000      (ag)
    1359       0        2.6322600000      (bu)
    1358       0        2.6321500000      (bu)
    1357       0        2.6315000000      (ag)
    1356       0        2.6229200000      (bu)
    1355       0        2.5960200000      (bg)
    1354       0        2.5763100000      (au)
    1353       0        2.5761000000      (au)
    1352       0        2.5761000000      (au)
    1351       0        2.5704900000      (ag)
    1350       0        2.5704600000      (ag)
    1349       0        2.5702900000      (bu)
    1348       0        2.5702800000      (bu)
    1347       0        2.5683400000      (ag)
    1346       0        2.5622800000      (bu)
    1345       0        2.5592600000      (bg)
    1344       0        2.5592000000      (bg)
    1343       0        2.5208700000      (ag)
    1342       0        2.5166600000      (bu)
    1341       0        2.5165100000      (bg)
    1340       0        2.5165100000      (bg)
    1339       0        2.5089100000      (ag)
    1338       0        2.5088600000      (ag)
    1337       0        2.5037000000      (au)
    1336       0        2.5036900000      (au)
    1335       0        2.5012000000      (bu)
    1334       0        2.5011300000      (bu)
    1333       0        2.4593200000      (au)
    1332       0        2.4571600000      (ag)
    1331       0        2.4571000000      (ag)
    1330       0        2.4554200000      (bu)
    1329       0        2.4553900000      (bu)
    1328       0        2.4541700000      (bu)
    1327       0        2.4534400000      (ag)
    1326       0        2.4487400000      (bg)
    1325       0        2.4416800000      (ag)
    1324       0        2.4416600000      (ag)
    1323       0        2.4367900000      (bu)
    1322       0        2.4367600000      (bu)
    1321       0        2.4302100000      (bu)
    1320       0        2.4222500000      (au)
    1319       0        2.4204000000      (ag)
    1318       0        2.4130200000      (bg)
    1317       0        2.3945500000      (bu)
    1316       0        2.3913500000      (ag)
    1315       0        2.3910600000      (bu)
    1314       0        2.3910500000      (bu)
    1313       0        2.3818600000      (ag)
    1312       0        2.3774400000      (ag)
    1311       0        2.3773800000      (ag)
    1310       0        2.3681200000      (ag)
    1309       0        2.3681000000      (ag)
    1308       0        2.3656400000      (bu)
    1307       0        2.3620800000      (bg)
    1306       0        2.3620600000      (bg)
    1305       0        2.3584100000      (bu)
    1304       0        2.3583800000      (bu)
    1303       0        2.3559000000      (au)
    1302       0        2.3558800000      (au)
    1301       0        2.3545700000      (ag)
    1300       0        2.3541000000      (bu)
    1299       0        2.3540900000      (bu)
    1298       0        2.3503200000      (ag)
    1297       0        2.3503200000      (ag)
    1296       0        2.3393500000      (bu)
    1295       0        2.3308000000      (ag)
    1294       0        2.3308000000      (ag)
    1293       0        2.3262300000      (ag)
    1292       0        2.3229900000      (bu)
    1291       0        2.3193400000      (bu)
    1290       0        2.3193000000      (bu)
    1289       0        2.3016200000      (bu)
    1288       0        2.3015800000      (bu)
    1287       0        2.2908300000      (ag)
    1286       0        2.2783600000      (au)
    1285       0        2.2783300000      (au)
    1284       0        2.2781100000      (ag)
    1283       0        2.2780000000      (ag)
    1282       0        2.2707600000      (bu)
    1281       0        2.2691400000      (au)
    1280       0        2.2670000000      (bg)
    1279       0        2.2669800000      (bg)
    1278       0        2.2651800000      (bg)
    1277       0        2.2592100000      (bu)
    1276       0        2.2546000000      (ag)
    1275       0        2.2538800000      (ag)
    1274       0        2.2538800000      (ag)
    1273       0        2.2499200000      (bu)
    1272       0        2.2498400000      (bu)
    1271       0        2.2455000000      (bg)
    1270       0        2.2454700000      (bg)
    1269       0        2.2251300000      (au)
    1268       0        2.2203800000      (au)
    1267       0        2.2203700000      (au)
    1266       0        2.2177800000      (bg)
    1265       0        2.2136200000      (bu)
    1264       0        2.2135000000      (bu)
    1263       0        2.1920100000      (ag)
    1262       0        2.1919300000      (ag)
    1261       0        2.1910500000      (au)
    1260       0        2.1910400000      (au)
    1259       0        2.1870100000      (ag)
    1258       0        2.1858800000      (bu)
    1257       0        2.1744600000      (bu)
    1256       0        2.1744400000      (bu)
    1255       0        2.1735100000      (bg)
    1254       0        2.1735000000      (bg)
    1253       0        2.1690300000      (ag)
    1252       0        2.1690200000      (ag)
    1251       0        2.1666500000      (ag)
    1250       0        2.1603700000      (ag)
    1249       0        2.1603700000      (ag)
    1248       0        2.1562800000      (bu)
    1247       0        2.1471600000      (bu)
    1246       0        2.1471200000      (bu)
    1245       0        2.1463400000      (ag)
    1244       0        2.1391100000      (ag)
    1243       0        2.1387700000      (bu)
    1242       0        2.1357100000      (bg)
    1241       0        2.1273600000      (bg)
    1240       0        2.1202700000      (au)
    1239       0        2.1196000000      (au)
    1238       0        2.1186100000      (bu)
    1237       0        2.1144300000      (bu)
    1236       0        2.1138500000      (bu)
    1235       0        2.1138200000      (bu)
    1234       0        2.1095700000      (ag)
    1233       0        2.1091800000      (ag)
    1232       0        2.1091400000      (ag)
    1231       0        2.1077500000      (au)
    1230       0        2.0990900000      (ag)
    1229       0        2.0990600000      (ag)
    1228       0        2.0910500000      (bu)
    1227       0        2.0910300000      (bu)
    1226       0        2.0873400000      (bg)
    1225       0        2.0872600000      (bg)
    1224       0        2.0871100000      (ag)
    1223       0        2.0871100000      (ag)
    1222       0        2.0860400000      (bu)
    1221       0        2.0860300000      (bu)
    1220       0        2.0845100000      (ag)
    1219       0        2.0800500000      (bg)
    1218       0        2.0784300000      (bu)
    1217       0        2.0662200000      (au)
    1216       0        2.0661700000      (au)
    1215       0        2.0661300000      (ag)
    1214       0        2.0608700000      (au)
    1213       0        2.0608700000      (au)
    1212       0        2.0520200000      (bg)
    1211       0        2.0520100000      (bg)
    1210       0        2.0486000000      (bu)
    1209       0        2.0388500000      (ag)
    1208       0        2.0388400000      (ag)
    1207       0        2.0321700000      (bu)
    1206       0        2.0321200000      (bu)
    1205       0        2.0270700000      (ag)
    1204       0        2.0167200000      (bu)
    1203       0        2.0166700000      (bu)
    1202       0        2.0160200000      (au)
    1201       0        2.0160000000      (au)
    1200       0        2.0134800000      (ag)
    1199       0        2.0029800000      (bg)
    1198       0        2.0029800000      (bg)
    1197       0        2.0017500000      (ag)
    1196       0        2.0013100000      (ag)
    1195       0        2.0004400000      (ag)
    1194       0        2.0004100000      (ag)
    1193       0        1.9993700000      (bu)
    1192       0        1.9993000000      (bu)
    1191       0        1.9986300000      (bu)
    1190       0        1.9890200000      (bu)
    1189       0        1.9889700000      (bu)
    1188       0        1.9841400000      (bg)
    1187       0        1.9841300000      (bg)
    1186       0        1.9822900000      (ag)
    1185       0        1.9822000000      (ag)
    1184       0        1.9768500000      (au)
    1183       0        1.9768400000      (au)
    1182       0        1.9761700000      (bg)
    1181       0        1.9761000000      (bu)
    1180       0        1.9760700000      (bu)
    1179       0        1.9744600000      (bg)
    1178       0        1.9670300000      (bu)
    1177       0        1.9642800000      (au)
    1176       0        1.9553400000      (ag)
    1175       0        1.9553200000      (ag)
    1174       0        1.9546000000      (bu)
    1173       0        1.9543800000      (au)
    1172       0        1.9369500000      (au)
    1171       0        1.9359000000      (au)
    1170       0        1.9294800000      (bu)
    1169       0        1.9291600000      (au)
    1168       0        1.9291200000      (au)
    1167       0        1.9290400000      (ag)
    1166       0        1.9290000000      (ag)
    1165       0        1.9275100000      (bg)
    1164       0        1.9252500000      (bg)
    1163       0        1.9216100000      (bg)
    1162       0        1.9215900000      (bg)
    1161       0        1.9214000000      (bu)
    1160       0        1.9213000000      (bu)
    1159       0        1.9187800000      (ag)
    1158       0        1.9187500000      (ag)
    1157       0        1.9105000000      (bg)
    1156       0        1.9104900000      (bg)
    1155       0        1.9059800000      (au)
    1154       0        1.9059700000      (au)
    1153       0        1.8948100000      (ag)
    1152       0        1.8946400000      (ag)
    1151       0        1.8801700000      (bu)
    1150       0        1.8774300000      (ag)
    1149       0        1.8774000000      (ag)
    1148       0        1.8732300000      (bu)
    1147       0        1.8695400000      (bu)
    1146       0        1.8695200000      (bu)
    1145       0        1.8526700000      (au)
    1144       0        1.8526400000      (au)
    1143       0        1.8493300000      (bg)
    1142       0        1.8493100000      (bg)
    1141       0        1.8479200000      (bg)
    1140       0        1.8426600000      (bu)
    1139       0        1.8358800000      (bg)
    1138       0        1.8326100000      (au)
    1137       0        1.8262600000      (ag)
    1136       0        1.8257700000      (au)
    1135       0        1.8257300000      (au)
    1134       0        1.8256900000      (bu)
    1133       0        1.8256700000      (bu)
    1132       0        1.8242600000      (au)
    1131       0        1.8219800000      (ag)
    1130       0        1.8219700000      (ag)
    1129       0        1.8126900000      (bg)
    1128       0        1.8126700000      (bg)
    1127       0        1.8025600000      (bg)
    1126       0        1.8025500000      (bg)
    1125       0        1.7990500000      (au)
    1124       0        1.7928400000      (au)
    1123       0        1.7928300000      (au)
    1122       0        1.7872400000      (bg)
    1121       0        1.7754000000      (bu)
    1120       0        1.7753800000      (bu)
    1119       0        1.7746200000      (ag)
    1118       0        1.7616900000      (ag)
    1117       0        1.7616500000      (ag)
    1116       0        1.7507700000      (bu)
    1115       0        1.7416900000      (ag)
    1114       0        1.7332900000      (bu)
    1113       0        1.7332800000      (bu)
    1112       0        1.7312100000      (ag)
    1111       0        1.7311700000      (ag)
    1110       0        1.7225800000      (bu)
    1109       0        1.7177600000      (bu)
    1108       0        1.7177000000      (bu)
    1107       0        1.7124000000      (ag)
    1106       0        1.7112300000      (ag)
    1105       0        1.7093000000      (ag)
    1104       0        1.7092500000      (ag)
    1103       0        1.7079400000      (bu)
    1102       0        1.7023200000      (au)
    1101       0        1.7004800000      (bg)
    1100       0        1.7004700000      (bg)
    1099       0        1.6980800000      (ag)
    1098       0        1.6980400000      (ag)
    1097       0        1.6939000000      (au)
    1096       0        1.6938900000      (au)
    1095       0        1.6922500000      (bu)
    1094       0        1.6878800000      (bu)
    1093       0        1.6878700000      (bu)
    1092       0        1.6855500000      (bu)
    1091       0        1.6794500000      (ag)
    1090       0        1.6794000000      (ag)
    1089       0        1.6739500000      (bg)
    1088       0        1.6728700000      (ag)
    1087       0        1.6725600000      (bu)
    1086       0        1.6725400000      (bu)
    1085       0        1.6721300000      (bg)
    1084       0        1.6517300000      (au)
    1083       0        1.6517300000      (au)
    1082       0        1.6389700000      (bu)
    1081       0        1.6361700000      (bg)
    1080       0        1.6361600000      (bg)
    1079       0        1.6355700000      (bu)
    1078       0        1.6355500000      (bu)
    1077       0        1.6351000000      (ag)
    1076       0        1.6323800000      (bu)
    1075       0        1.6303500000      (ag)
    1074       0        1.6303300000      (ag)
    1073       0        1.6259000000      (ag)
    1072       0        1.6258900000      (ag)
    1071       0        1.6253400000      (bu)
    1070       0        1.6253400000      (bu)
    1069       0        1.6232900000      (au)
    1068       0        1.6188100000      (ag)
    1067       0        1.6181100000      (au)
    1066       0        1.6023600000      (bg)
    1065       0        1.6023500000      (bg)
    1064       0        1.5959800000      (ag)
    1063       0        1.5944800000      (bu)
    1062       0        1.5944400000      (bu)
    1061       0        1.5943000000      (bg)
    1060       0        1.5927500000      (bu)
    1059       0        1.5920900000      (au)
    1058       0        1.5920700000      (au)
    1057       0        1.5899300000      (ag)
    1056       0        1.5889900000      (ag)
    1055       0        1.5889400000      (ag)
    1054       0        1.5885400000      (bg)
    1053       0        1.5885300000      (bg)
    1052       0        1.5870800000      (au)
    1051       0        1.5870700000      (au)
    1050       0        1.5841500000      (au)
    1049       0        1.5831100000      (bu)
    1048       0        1.5830600000      (bu)
    1047       0        1.5791100000      (ag)
    1046       0        1.5790900000      (ag)
    1045       0        1.5770700000      (bg)
    1044       0        1.5727300000      (bu)
    1043       0        1.5623000000      (bu)
    1042       0        1.5581100000      (bg)
    1041       0        1.5536100000      (bu)
    1040       0        1.5535900000      (bu)
    1039       0        1.5530900000      (ag)
    1038       0        1.5530800000      (ag)
    1037       0        1.5527900000      (au)
    1036       0        1.5527900000      (au)
    1035       0        1.5525400000      (au)
    1034       0        1.5474500000      (ag)
    1033       0        1.5474400000      (bg)
    1032       0        1.5474400000      (bg)
    1031       0        1.5445400000      (au)
    1030       0        1.5444400000      (ag)
    1029       0        1.5420400000      (bu)
    1028       0        1.5419900000      (bu)
    1027       0        1.5414700000      (bu)
    1026       0        1.5412900000      (bg)
    1025       0        1.5412200000      (bg)
    1024       0        1.5399800000      (ag)
    1023       0        1.5399100000      (ag)
    1022       0        1.5296300000      (au)
    1021       0        1.5295800000      (au)
    1020       0        1.5284600000      (ag)
    1019       0        1.5263500000      (bg)
    1018       0        1.5117900000      (bu)
    1017       0        1.5114200000      (ag)
    1016       0        1.5113900000      (ag)
    1015       0        1.5092100000      (bu)
    1014       0        1.5091900000      (bu)
    1013       0        1.4969700000      (bu)
    1012       0        1.4964500000      (bu)
    1011       0        1.4964400000      (bu)
    1010       0        1.4941900000      (ag)
    1009       0        1.4915900000      (ag)
    1008       0        1.4915700000      (ag)
    1007       0        1.4651400000      (bu)
    1006       0        1.4603000000      (bu)
    1005       0        1.4602800000      (bu)
    1004       0        1.4545100000      (ag)
    1003       0        1.4450800000      (ag)
    1002       0        1.4450600000      (ag)
    1001       0        1.4106500000      (ag)
    1000       0        1.4014000000      (ag)
     999       0        1.4013800000      (ag)
     998       0        1.3789500000      (bu)
     997       0        1.3789400000      (bu)
     996       0        1.3666900000      (ag)
     995       0        1.3653600000      (bu)
     994       0        1.3460000000      (bu)
     993       0        1.3428700000      (ag)
     992       0        1.3428300000      (ag)
     991       0        1.3424700000      (bu)
     990       0        1.3423900000      (bu)
     989       0        1.3370800000      (ag)
     988       0        1.3370500000      (ag)
     987       0        1.3325100000      (bu)
     986       0        1.3325000000      (bu)
     985       0        1.3200900000      (bu)
     984       0        1.3106200000      (ag)
     983       0        1.2972800000      (bu)
     982       0        1.2972200000      (bu)
     981       0        1.2930800000      (ag)
     980       0        1.2930100000      (ag)
     979       0        1.2818500000      (ag)
     978       0        1.2794200000      (bu)
     977       0        1.2662700000      (bu)
     976       0        1.2605800000      (ag)
     975       0        1.2587500000      (ag)
     974       0        1.2587500000      (ag)
     973       0        1.2577900000      (au)
     972       0        1.2577800000      (au)
     971       0        1.2571900000      (bg)
     970       0        1.2543400000      (bu)
     969       0        1.2543300000      (bu)
     968       0        1.2516700000      (bg)
     967       0        1.2516600000      (bg)
     966       0        1.2501000000      (ag)
     965       0        1.2464100000      (bu)
     964       0        1.2405500000      (au)
     963       0        1.2380800000      (ag)
     962       0        1.2380600000      (ag)
     961       0        1.2378900000      (ag)
     960       0        1.2349000000      (bu)
     959       0        1.2348600000      (bu)
     958       0        1.2287800000      (au)
     957       0        1.2214000000      (bg)
     956       0        1.2174800000      (bu)
     955       0        1.2174800000      (bu)
     954       0        1.2135900000      (bg)
     953       0        1.2135800000      (bg)
     952       0        1.2125800000      (au)
     951       0        1.2125700000      (au)
     950       0        1.2035700000      (ag)
     949       0        1.2035500000      (ag)
     948       0        1.1943900000      (bu)
     947       0        1.1894300000      (bu)
     946       0        1.1894200000      (bu)
     945       0        1.1893900000      (bg)
     944       0        1.1893900000      (bg)
     943       0        1.1868400000      (au)
     942       0        1.1868400000      (au)
     941       0        1.1820900000      (ag)
     940       0        1.1778100000      (au)
     939       0        1.1684100000      (bg)
     938       0        1.1671000000      (bg)
     937       0        1.1629200000      (ag)
     936       0        1.1629100000      (ag)
     935       0        1.1561900000      (au)
     934       0        1.1560000000      (au)
     933       0        1.1560000000      (au)
     932       0        1.1519200000      (bg)
     931       0        1.1519200000      (bg)
     930       0        1.1419100000      (bu)
     929       0        1.1416000000      (ag)
     928       0        1.1415900000      (ag)
     927       0        1.1362700000      (bg)
     926       0        1.1362600000      (bg)
     925       0        1.1360500000      (au)
     924       0        1.1356900000      (bg)
     923       0        1.1340300000      (ag)
     922       0        1.1339700000      (au)
     921       0        1.1339700000      (au)
     920       0        1.1334100000      (bu)
     919       0        1.1334000000      (bu)
     918       0        1.1301900000      (ag)
     917       0        1.1291500000      (bg)
     916       0        1.1283300000      (au)
     915       0        1.1259000000      (bu)
     914       0        1.1254800000      (bu)
     913       0        1.1254600000      (bu)
     912       0        1.1251100000      (ag)
     911       0        1.1251100000      (au)
     910       0        1.1250900000      (au)
     909       0        1.1236200000      (bg)
     908       0        1.1236100000      (bg)
     907       0        1.1154300000      (ag)
     906       0        1.1154100000      (ag)
     905       0        1.1054200000      (bu)
     904       0        1.0992800000      (au)
     903       0        1.0992700000      (au)
     902       0        1.0984800000      (ag)
     901       0        1.0979800000      (bu)
     900       0        1.0979600000      (bu)
     899       0        1.0965200000      (bg)
     898       0        1.0965200000      (bg)
     897       0        1.0939100000      (bu)
     896       0        1.0938600000      (bu)
     895       0        1.0892100000      (ag)
     894       0        1.0892000000      (ag)
     893       0        1.0832100000      (au)
     892       0        1.0825800000      (bu)
     891       0        1.0825100000      (ag)
     890       0        1.0812200000      (bg)
     889       0        1.0746000000      (ag)
     888       0        1.0745700000      (ag)
     887       0        1.0740200000      (bg)
     886       0        1.0693300000      (bu)
     885       0        1.0693100000      (bu)
     884       0        1.0667400000      (ag)
     883       0        1.0667400000      (ag)
     882       0        1.0646900000      (bu)
     881       0        1.0637700000      (au)
     880       0        1.0615900000      (bu)
     879       0        1.0615600000      (bu)
     878       0        1.0601900000      (ag)
     877       0        1.0601800000      (ag)
     876       0        1.0599000000      (bu)
     875       0        1.0586700000      (ag)
     874       0        1.0523300000      (au)
     873       0        1.0523200000      (au)
     872       0        1.0497400000      (bu)
     871       0        1.0491600000      (bu)
     870       0        1.0491400000      (bu)
     869       0        1.0490100000      (ag)
     868       0        1.0478200000      (bg)
     867       0        1.0478200000      (bg)
     866       0        1.0389000000      (bu)
     865       0        1.0354200000      (ag)
     864       0        1.0333500000      (ag)
     863       0        1.0327800000      (ag)
     862       0        1.0327500000      (ag)
     861       0        1.0312000000      (bu)
     860       0        1.0309800000      (bu)
     859       0        1.0309500000      (bu)
     858       0        1.0305400000      (ag)
     857       0        1.0305400000      (ag)
     856       0        1.0281100000      (bu)
     855       0        1.0280900000      (bu)
     854       0        1.0269800000      (bu)
     853       0        1.0267800000      (ag)
     852       0        1.0223900000      (bu)
     851       0        1.0223600000      (bu)
     850       0        1.0184900000      (bg)
     849       0        1.0184800000      (bg)
     848       0        1.0182400000      (ag)
     847       0        1.0182300000      (ag)
     846       0        1.0147100000      (ag)
     845       0        1.0147000000      (ag)
     844       0        1.0132000000      (au)
     843       0        1.0131900000      (au)
     842       0        1.0117400000      (bu)
     841       0        1.0108400000      (ag)
     840       0        1.0108200000      (ag)
     839       0        1.0090500000      (ag)
     838       0        1.0090200000      (ag)
     837       0        1.0071400000      (bu)
     836       0        1.0056800000      (au)
     835       0        1.0007600000      (bu)
     834       0        0.9997300000      (bu)
     833       0        0.9997300000      (bu)
     832       0        0.9960300000      (ag)
     831       0        0.9949300000      (bg)
     830       0        0.9939700000      (ag)
     829       0        0.9937900000      (bu)
     828       0        0.9937700000      (bu)
     827       0        0.9916000000      (ag)
     826       0        0.9897600000      (bu)
     825       0        0.9897500000      (bu)
     824       0        0.9896400000      (ag)
     823       0        0.9896200000      (ag)
     822       0        0.9810800000      (bu)
     821       0        0.9796300000      (ag)
     820       0        0.9674900000      (bu)
     819       0        0.9674800000      (bu)
     818       0        0.9613900000      (ag)
     817       0        0.9613700000      (ag)
     816       0        0.9594400000      (bu)
     815       0        0.9487400000      (bu)
     814       0        0.9487200000      (bu)
     813       0        0.9479300000      (ag)
     812       0        0.9343600000      (ag)
     811       0        0.9343400000      (ag)
     810       0        0.9296600000      (ag)
     809       0        0.9247100000      (bu)
     808       0        0.9096400000      (au)
     807       0        0.9087600000      (bu)
     806       0        0.9075900000      (ag)
     805       0        0.9075800000      (ag)
     804       0        0.9032700000      (bu)
     803       0        0.9032500000      (bu)
     802       0        0.8943800000      (bg)
     801       0        0.8912600000      (bg)
     800       0        0.8912500000      (bg)
     799       0        0.8856900000      (bu)
     798       0        0.8856800000      (bu)
     797       0        0.8840900000      (ag)
     796       0        0.8732700000      (ag)
     795       0        0.8713900000      (au)
     794       0        0.8713900000      (au)
     793       0        0.8681300000      (ag)
     792       0        0.8681200000      (ag)
     791       0        0.8646900000      (bu)
     790       0        0.8646800000      (bu)
     789       0        0.8635400000      (bu)
     788       0        0.8600500000      (bu)
     787       0        0.8591400000      (ag)
     786       0        0.8591200000      (ag)
     785       0        0.8563300000      (ag)
     784       0        0.8545000000      (ag)
     783       0        0.8544800000      (ag)
     782       0        0.8527900000      (ag)
     781       0        0.8512500000      (au)
     780       0        0.8508800000      (au)
     779       0        0.8508600000      (au)
     778       0        0.8475100000      (bg)
     777       0        0.8458800000      (bu)
     776       0        0.8458600000      (bu)
     775       0        0.8423100000      (bu)
     774       0        0.8422800000      (bu)
     773       0        0.8398800000      (bu)
     772       0        0.8357700000      (bg)
     771       0        0.8357400000      (bg)
     770       0        0.8321900000      (ag)
     769       0        0.8321700000      (ag)
     768       0        0.8314500000      (bu)
     767       0        0.8314300000      (bu)
     766       0        0.8300500000      (au)
     765       0        0.8300500000      (au)
     764       0        0.8278400000      (bu)
     763       0        0.8260100000      (bg)
     762       0        0.8260100000      (bg)
     761       0        0.8259500000      (ag)
     760       0        0.8259300000      (ag)
     759       0        0.8246400000      (ag)
     758       0        0.8245600000      (bg)
     757       0        0.8223400000      (bu)
     756       0        0.8200100000      (au)
     755       0        0.8191800000      (bg)
     754       0        0.8108500000      (bg)
     753       0        0.8108500000      (bg)
     752       0        0.8099300000      (ag)
     751       0        0.8098900000      (ag)
     750       0        0.8086600000      (au)
     749       0        0.8039500000      (bu)
     748       0        0.8039300000      (bu)
     747       0        0.8035700000      (au)
     746       0        0.8035600000      (au)
     745       0        0.8001900000      (bu)
     744       0        0.7999800000      (ag)
     743       0        0.7963600000      (bu)
     742       0        0.7887100000      (ag)
     741       0        0.7886800000      (ag)
     740       0        0.7835000000      (au)
     739       0        0.7790400000      (au)
     738       0        0.7790300000      (au)
     737       0        0.7704000000      (bg)
     736       0        0.7703900000      (bg)
     735       0        0.7699600000      (bg)
     734       0        0.7699500000      (bg)
     733       0        0.7686500000      (bu)
     732       0        0.7686400000      (bu)
     731       0        0.7640100000      (ag)
     730       0        0.7577100000      (bg)
     729       0        0.7521600000      (bu)
     728       0        0.7521400000      (bu)
     727       0        0.7487500000      (ag)
     726       0        0.7487400000      (ag)
     725       0        0.7453500000      (au)
     724       0        0.7449700000      (bu)
     723       0        0.7447400000      (au)
     722       0        0.7447400000      (au)
     721       0        0.7443600000      (bu)
     720       0        0.7424400000      (ag)
     719       0        0.7424200000      (ag)
     718       0        0.7420100000      (au)
     717       0        0.7375600000      (bu)
     716       0        0.7375600000      (bu)
     715       0        0.7370100000      (ag)
     714       0        0.7295500000      (ag)
     713       0        0.7268100000      (bu)
     712       0        0.7267800000      (bu)
     711       0        0.7263200000      (ag)
     710       0        0.7263100000      (ag)
     709       0        0.7232200000      (bu)
     708       0        0.7228600000      (ag)
     707       0        0.7228600000      (ag)
     706       0        0.7221800000      (bg)
     705       0        0.7214100000      (ag)
     704       0        0.7183500000      (bu)
     703       0        0.7183500000      (bu)
     702       0        0.7175900000      (ag)
     701       0        0.7135800000      (ag)
     700       0        0.7135600000      (bg)
     699       0        0.7135500000      (bg)
     698       0        0.7121000000      (bu)
     697       0        0.7088700000      (bg)
     696       0        0.7081400000      (bu)
     695       0        0.7081400000      (bu)
     694       0        0.7066400000      (bg)
     693       0        0.7049500000      (au)
     692       0        0.7049500000      (au)
     691       0        0.6993200000      (bu)
     690       0        0.6978000000      (bu)
     689       0        0.6963500000      (ag)
     688       0        0.6898700000      (ag)
     687       0        0.6898400000      (ag)
     686       0        0.6863700000      (bu)
     685       0        0.6863600000      (bu)
     684       0        0.6815200000      (au)
     683       0        0.6815100000      (au)
     682       0        0.6815000000      (ag)
     681       0        0.6787500000      (bg)
     680       0        0.6787500000      (bg)
     679       0        0.6776300000      (ag)
     678       0        0.6776300000      (ag)
     677       0        0.6766300000      (ag)
     676       0        0.6766200000      (ag)
     675       0        0.6727100000      (bu)
     674       0        0.6726800000      (bu)
     673       0        0.6685400000      (au)
     672       0        0.6685200000      (au)
     671       0        0.6683100000      (ag)
     670       0        0.6683000000      (ag)
     669       0        0.6651100000      (bu)
     668       0        0.6650900000      (bu)
     667       0        0.6592700000      (au)
     666       0        0.6584600000      (bu)
     665       0        0.6584500000      (bu)
     664       0        0.6575900000      (bu)
     663       0        0.6575000000      (ag)
     662       0        0.6559100000      (bu)
     661       0        0.6524700000      (bg)
     660       0        0.6518800000      (au)
     659       0        0.6513000000      (ag)
     658       0        0.6490700000      (bg)
     657       0        0.6490600000      (bg)
     656       0        0.6443100000      (bg)
     655       0        0.6427700000      (ag)
     654       0        0.6427500000      (ag)
     653       0        0.6421000000      (au)
     652       0        0.6358900000      (bg)
     651       0        0.6358900000      (bg)
     650       0        0.6341900000      (bu)
     649       0        0.6282400000      (au)
     648       0        0.6282300000      (au)
     647       0        0.6280000000      (ag)
     646       0        0.6279900000      (ag)
     645       0        0.6258000000      (bu)
     644       0        0.6257600000      (bu)
     643       0        0.6223400000      (ag)
     642       0        0.6208900000      (bu)
     641       0        0.6196300000      (ag)
     640       0        0.6196000000      (ag)
     639       0        0.6180400000      (au)
     638       0        0.6180300000      (au)
     637       0        0.6142000000      (ag)
     636       0        0.6138800000      (bg)
     635       0        0.6138700000      (bg)
     634       0        0.6115900000      (bu)
     633       0        0.6115800000      (bu)
     632       0        0.6099300000      (au)
     631       0        0.6086900000      (bu)
     630       0        0.6069000000      (bg)
     629       0        0.6062200000      (bg)
     628       0        0.6017200000      (bu)
     627       0        0.6017100000      (bu)
     626       0        0.5981100000      (ag)
     625       0        0.5981100000      (ag)
     624       0        0.5967300000      (au)
     623       0        0.5967300000      (au)
     622       0        0.5959900000      (ag)
     621       0        0.5948200000      (bu)
     620       0        0.5901300000      (ag)
     619       0        0.5877000000      (bg)
     618       0        0.5877000000      (bg)
     617       0        0.5873700000      (ag)
     616       0        0.5873600000      (ag)
     615       0        0.5832600000      (au)
     614       0        0.5801400000      (bu)
     613       0        0.5801300000      (bu)
     612       0        0.5761700000      (bu)
     611       0        0.5722200000      (ag)
     610       0        0.5715500000      (bu)
     609       0        0.5715500000      (bu)
     608       0        0.5683400000      (ag)
     607       0        0.5593700000      (ag)
     606       0        0.5593500000      (ag)
     605       0        0.5584300000      (bu)
     604       0        0.5529900000      (ag)
     603       0        0.5529900000      (ag)
     602       0        0.5519400000      (bu)
     601       0        0.5519300000      (bu)
     600       0        0.5471900000      (bu)
     599       0        0.5465100000      (ag)
     598       0        0.5392900000      (bu)
     597       0        0.5392700000      (bu)
     596       0        0.5356800000      (bu)
     595       0        0.5356700000      (bu)
     594       0        0.5352200000      (ag)
     593       0        0.5352000000      (ag)
     592       0        0.5325500000      (ag)
     591       0        0.5244200000      (ag)
     590       0        0.5244100000      (ag)
     589       0        0.5229900000      (bu)
     588       0        0.5157600000      (ag)
     587       0        0.5143300000      (ag)
     586       0        0.5143200000      (ag)
     585       0        0.5102300000      (bu)
     584       0        0.5102200000      (bu)
     583       0        0.5100200000      (bu)
     582       0        0.5093400000      (ag)
     581       0        0.5016500000      (bu)
     580       0        0.5016300000      (bu)
     579       0        0.4998900000      (ag)
     578       0        0.4998700000      (ag)
     577       0        0.4898500000      (bu)
     576       0        0.4898400000      (bu)
     575       0        0.4886100000      (bu)
     574       0        0.4877500000      (bu)
     573       0        0.4761000000      (ag)
     572       0        0.4760900000      (ag)
     571       0        0.4755700000      (ag)
     570       0        0.4732800000      (bu)
     569       0        0.4693700000      (ag)
     568       0        0.4661500000      (bg)
     567       0        0.4612400000      (bu)
     566       0        0.4612200000      (bu)
     565       0        0.4607500000      (ag)
     564       0        0.4607400000      (ag)
     563       0        0.4602000000      (bu)
     562       0        0.4530800000      (ag)
     561       0        0.4492100000      (au)
     560       0        0.4468600000      (bu)
     559       0        0.4468400000      (bu)
     558       0        0.4384900000      (ag)
     557       0        0.4384600000      (ag)
     556       0        0.4343700000      (bu)
     555       0        0.4282900000      (ag)
     554       0        0.4282700000      (ag)
     553       0        0.4256800000      (bu)
     552       0        0.4256600000      (bu)
     551       0        0.4221300000      (ag)
     550       0        0.4218600000      (bu)
     549       0        0.4218600000      (bu)
     548       0        0.4193800000      (ag)
     547       0        0.4193600000      (ag)
     546       0        0.4169300000      (bu)
     545       0        0.4123900000      (bu)
     544       0        0.4117800000      (au)
     543       0        0.4117600000      (au)
     542       0        0.4096700000      (ag)
     541       0        0.4071100000      (bu)
     540       0        0.4067600000      (ag)
     539       0        0.4045300000      (ag)
     538       0        0.4045200000      (ag)
     537       0        0.4042700000      (bg)
     536       0        0.4042400000      (bg)
     535       0        0.4015100000      (bu)
     534       0        0.4014900000      (bu)
     533       0        0.3996600000      (ag)
     532       0        0.3979800000      (ag)
     531       0        0.3979800000      (ag)
     530       0        0.3939700000      (bu)
     529       0        0.3939600000      (bu)
     528       0        0.3843200000      (ag)
     527       0        0.3843200000      (ag)
     526       0        0.3831000000      (bu)
     525       0        0.3787600000      (ag)
     524       0        0.3779100000      (ag)
     523       0        0.3776700000      (ag)
     522       0        0.3776700000      (ag)
     521       0        0.3774400000      (bu)
     520       0        0.3774400000      (bu)
     519       0        0.3746600000      (bu)
     518       0        0.3741000000      (bu)
     517       0        0.3741000000      (bu)
     516       0        0.3700200000      (ag)
     515       0        0.3700200000      (ag)
     514       0        0.3696300000      (bu)
     513       0        0.3696200000      (bu)
     512       0        0.3683600000      (bg)
     511       0        0.3683400000      (bg)
     510       0        0.3672500000      (ag)
     509       0        0.3660700000      (ag)
     508       0        0.3646400000      (bu)
     507       0        0.3626500000      (bu)
     506       0        0.3626300000      (bu)
     505       0        0.3624700000      (ag)
     504       0        0.3624600000      (ag)
     503       0        0.3597200000      (bu)
     502       0        0.3589900000      (au)
     501       0        0.3589700000      (au)
     500       0        0.3563200000      (bu)
     499       0        0.3550200000      (ag)
     498       0        0.3542800000      (au)
     497       0        0.3540300000      (ag)
     496       0        0.3540300000      (ag)
     495       0        0.3534400000      (ag)
     494       0        0.3518300000      (bu)
     493       0        0.3518200000      (bu)
     492       0        0.3504200000      (bu)
     491       0        0.3480000000      (bg)
     490       0        0.3470600000      (au)
     489       0        0.3440400000      (ag)
     488       0        0.3440400000      (ag)
     487       0        0.3419100000      (bu)
     486       0        0.3410500000      (bu)
     485       0        0.3410500000      (bu)
     484       0        0.3394600000      (ag)
     483       0        0.3383600000      (bu)
     482       0        0.3383600000      (bu)
     481       0        0.3348700000      (bg)
     480       0        0.3336700000      (ag)
     479       0        0.3336700000      (ag)
     478       0        0.3329500000      (bu)
     477       0        0.3324100000      (bu)
     476       0        0.3324000000      (bu)
     475       0        0.3279500000      (ag)
     474       0        0.3273500000      (au)
     473       0        0.3273500000      (au)
     472       0        0.3270300000      (bu)
     471       0        0.3262700000      (bg)
     470       0        0.3262600000      (bg)
     469       0        0.3256600000      (bu)
     468       0        0.3256500000      (bu)
     467       0        0.3253100000      (ag)
     466       0        0.3253000000      (ag)
     465       0        0.3224500000      (bg)
     464       0        0.3214500000      (au)
     463       0        0.3208700000      (au)
     462       0        0.3208700000      (au)
     461       0        0.3196100000      (ag)
     460       0        0.3196100000      (ag)
     459       0        0.3195200000      (ag)
     458       0        0.3177600000      (ag)
     457       0        0.3157000000      (ag)
     456       0        0.3157000000      (ag)
     455       0        0.3108400000      (bu)
     454       0        0.3108300000      (bu)
     453       0        0.3068400000      (bg)
     452       0        0.3061500000      (bu)
     451       0        0.3061500000      (bu)
     450       0        0.3060900000      (bg)
     449       0        0.3060900000      (bg)
     448       0        0.3039300000      (ag)
     447       0        0.3039100000      (ag)
     446       0        0.3025000000      (bu)
     445       0        0.3024900000      (bu)
     444       0        0.3015000000      (bu)
     443       0        0.3004200000      (ag)
     442       0        0.2997100000      (ag)
     441       0        0.2997000000      (ag)
     440       0        0.2992600000      (bg)
     439       0        0.2992500000      (bg)
     438       0        0.2948300000      (bu)
     437       0        0.2901300000      (bu)
     436       0        0.2841600000      (ag)
     435       0        0.2831900000      (bu)
     434       0        0.2828500000      (ag)
     433       0        0.2828500000      (ag)
     432       0        0.2828000000      (au)
     431       0        0.2827900000      (au)
     430       0        0.2809700000      (ag)
     429       0        0.2809600000      (ag)
     428       0        0.2809200000      (bg)
     427       0        0.2809100000      (bg)
     426       0        0.2801800000      (bu)
     425       0        0.2801700000      (bu)
     424       0        0.2797600000      (au)
     423       0        0.2787100000      (bu)
     422       0        0.2766100000      (bu)
     421       0        0.2765900000      (bu)
     420       0        0.2763700000      (ag)
     419       0        0.2745900000      (bu)
     418       0        0.2735500000      (ag)
     417       0        0.2731300000      (ag)
     416       0        0.2714500000      (au)
     415       0        0.2711000000      (bu)
     414       0        0.2707100000      (au)
     413       0        0.2707100000      (au)
     412       0        0.2697000000      (ag)
     411       0        0.2696800000      (ag)
     410       0        0.2685500000      (bu)
     409       0        0.2685000000      (bu)
     408       0        0.2675800000      (ag)
     407       0        0.2644000000      (bu)
     406       0        0.2643900000      (bu)
     405       0        0.2636800000      (ag)
     404       0        0.2636700000      (ag)
     403       0        0.2609400000      (au)
     402       0        0.2609400000      (au)
     401       0        0.2580400000      (au)
     400       0        0.2560800000      (bg)
     399       0        0.2550200000      (ag)
     398       0        0.2508300000      (bu)
     397       0        0.2508300000      (bu)
     396       0        0.2493900000      (ag)
     395       0        0.2493800000      (ag)
     394       0        0.2475200000      (bu)
     393       0        0.2451000000      (bg)
     392       0        0.2451000000      (bg)
     391       0        0.2443800000      (bu)
     390       0        0.2424800000      (bg)
     389       0        0.2424700000      (bg)
     388       0        0.2416900000      (au)
     387       0        0.2378700000      (bg)
     386       0        0.2345600000      (ag)
     385       0        0.2345300000      (ag)
     384       0        0.2341400000      (ag)
     383       0        0.2329600000      (au)
     382       0        0.2323700000      (bu)
     381       0        0.2323700000      (bu)
     380       0        0.2274400000      (bg)
     379       0        0.2252000000      (bu)
     378       0        0.2251900000      (bu)
     377       0        0.2240500000      (bg)
     376       0        0.2226300000      (ag)
     375       0        0.2226300000      (ag)
     374       0        0.2189000000      (bg)
     373       0        0.2189000000      (bg)
     372       0        0.2187800000      (au)
     371       0        0.2187800000      (au)
     370       0        0.2160900000      (bu)
     369       0        0.2151600000      (bu)
     368       0        0.2140700000      (ag)
     367       0        0.2140600000      (ag)
     366       0        0.2090700000      (au)
     365       0        0.2090700000      (au)
     364       0        0.2051000000      (bu)
     363       0        0.2050900000      (bu)
     362       0        0.2021200000      (bu)
     361       0        0.2010900000      (ag)
     360       0        0.2010700000      (ag)
     359       0        0.2002500000      (ag)
     358       0        0.2002500000      (ag)
     357       0        0.1982700000      (ag)
     356       0        0.1982600000      (ag)
     355       0        0.1981200000      (bu)
     354       0        0.1981100000      (bu)
     353       0        0.1960200000      (au)
     352       0        0.1960200000      (au)
     351       0        0.1913900000      (bg)
     350       0        0.1913900000      (bg)
     349       0        0.1896700000      (bu)
     348       0        0.1896700000      (bu)
     347       0        0.1860000000      (bu)
     346       0        0.1839300000      (au)
     345       0        0.1839300000      (au)
     344       0        0.1829700000      (au)
     343       0        0.1828800000      (bg)
     342       0        0.1828800000      (bg)
     341       0        0.1826900000      (ag)
     340       0        0.1800200000      (bu)
     339       0        0.1800200000      (bu)
     338       0        0.1784300000      (ag)
     337       0        0.1748400000      (bu)
     336       0        0.1724900000      (ag)
     335       0        0.1712100000      (bg)
     334       0        0.1697900000      (bg)
     333       0        0.1687800000      (ag)
     332       0        0.1687800000      (ag)
     331       0        0.1666900000      (au)
     330       0        0.1663000000      (au)
     329       0        0.1649200000      (bu)
     328       0        0.1648000000      (ag)
     327       0        0.1647800000      (ag)
     326       0        0.1638400000      (bu)
     325       0        0.1634700000      (ag)
     324       0        0.1596200000      (bg)
     323       0        0.1595900000      (bu)
     322       0        0.1595900000      (bu)
     321       0        0.1577100000      (ag)
     320       0        0.1540600000      (bu)
     319       0        0.1540600000      (bu)
     318       0        0.1522000000      (bg)
     317       0        0.1521900000      (bg)
     316       0        0.1517100000      (ag)
     315       0        0.1516200000      (bu)
     314       0        0.1497800000      (ag)
     313       0        0.1497700000      (ag)
     312       0        0.1486200000      (bg)
     311       0        0.1446900000      (au)
     310       0        0.1446800000      (au)
     309       0        0.1443700000      (bu)
     308       0        0.1443700000      (bu)
     307       0        0.1393600000      (ag)
     306       0        0.1393600000      (ag)
     305       0        0.1391000000      (au)
     304       0        0.1390900000      (au)
     303       0        0.1359200000      (bu)
     302       0        0.1359100000      (bu)
     301       0        0.1335300000      (bg)
     300       0        0.1303300000      (ag)
     299       0        0.1303100000      (ag)
     298       0        0.1301100000      (ag)
     297       0        0.1251500000      (au)
     296       0        0.1251500000      (au)
     295       0        0.1249100000      (ag)
     294       0        0.1249100000      (ag)
     293       0        0.1219200000      (bg)
     292       0        0.1219200000      (bg)
     291       0        0.1215700000      (bu)
     290       0        0.1196300000      (bu)
     289       0        0.1169400000      (au)
     288       0        0.1128700000      (bg)
     287       0        0.1113900000      (bg)
     286       0        0.1113900000      (bg)
     285       0        0.1065000000      (bu)
     284       0        0.1045400000      (bu)
     283       0        0.1039500000      (ag)
     282       0        0.1039500000      (ag)
     281       0        0.1007800000      (au)
     280       0        0.1006800000      (bu)
     279       0        0.1006700000      (bu)
     278       0        0.1002000000      (au)
     277       0        0.0987200000      (au)
     276       0        0.0987200000      (au)
     275       0        0.0943800000      (bg)
     274       0        0.0943800000      (bg)
     273       0        0.0926500000      (ag)
     272       0        0.0884300000      (bu)
     271       0        0.0884300000      (bu)
     270       0        0.0868800000      (bg)
     269       0        0.0866900000      (ag)
     268       0        0.0866800000      (ag)
     267       0        0.0824300000      (au)
     266       0        0.0824300000      (au)
     265       0        0.0755300000      (ag)
     264       0        0.0753100000      (ag)
     263       0        0.0649300000      (bu)
     262       0        0.0649300000      (bu)
     261       0        0.0622300000      (bu)
     260       0        0.0622300000      (bu)
     259       0        0.0568600000      (au)
     258       0        0.0561200000      (bg)
     257       0        0.0561200000      (bg)
     256       0        0.0554200000      (ag)
     255       0        0.0554200000      (ag)
     254       0        0.0500900000      (bg)
     253       0        0.0500900000      (bg)
     252       0        0.0487000000      (bu)
     251       0        0.0475700000      (bu)
     250       0        0.0423200000      (ag)
     249       0        0.0423200000      (ag)
     248       0        0.0415000000      (au)
     247       0        0.0414900000      (au)
     246       0        0.0388300000      (bu)
     245       0        0.0388300000      (bu)
     244       0        0.0377300000      (ag)
     243       0        0.0294000000      (ag)
     242       0        0.0237700000      (bg)
     241       0        0.0185400000      (au)
     240       0       -0.0067700000      (au)
     239       0       -0.0125500000      (bg)
     238       0       -0.0274500000      (bg)
     237       0       -0.0274500000      (bg)
     236       0       -0.0277400000      (au)
     235       0       -0.0277500000      (au)
     234       2       -0.2615300000      (au)
     233       2       -0.2615300000      (au)
     232       2       -0.2629400000      (bg)
     231       2       -0.2629500000      (bg)
     230       2       -0.2797500000      (bg)
     229       2       -0.2824200000      (au)
     228       2       -0.3060700000      (au)
     227       2       -0.3063400000      (bg)
     226       2       -0.3311800000      (bg)
     225       2       -0.3311900000      (bg)
     224       2       -0.3343300000      (au)
     223       2       -0.3343300000      (au)
     222       2       -0.3608700000      (au)
     221       2       -0.3608800000      (au)
     220       2       -0.3715500000      (bg)
     219       2       -0.3715600000      (bg)
     218       2       -0.3806400000      (bg)
     217       2       -0.3886600000      (bg)
     216       2       -0.3977000000      (au)
     215       2       -0.4016200000      (au)
     214       2       -0.4016300000      (au)
     213       2       -0.4084300000      (ag)
     212       2       -0.4084400000      (ag)
     211       2       -0.4099500000      (bu)
     210       2       -0.4111100000      (bg)
     209       2       -0.4111200000      (bg)
     208       2       -0.4118800000      (au)
     207       2       -0.4124300000      (bu)
     206       2       -0.4124300000      (bu)
     205       2       -0.4184100000      (ag)
     204       2       -0.4200200000      (bu)
     203       2       -0.4236700000      (au)
     202       2       -0.4301000000      (ag)
     201       2       -0.4317800000      (ag)
     200       2       -0.4317900000      (ag)
     199       2       -0.4392600000      (bu)
     198       2       -0.4392700000      (bu)
     197       2       -0.4434600000      (bg)
     196       2       -0.4434600000      (bg)
     195       2       -0.4540700000      (ag)
     194       2       -0.4540800000      (ag)
     193       2       -0.4550500000      (bu)
     192       2       -0.4550500000      (bu)
     191       2       -0.4672200000      (bu)
     190       2       -0.4693400000      (au)
     189       2       -0.4693500000      (au)
     188       2       -0.4786700000      (bu)
     187       2       -0.4795200000      (ag)
     186       2       -0.4847700000      (ag)
     185       2       -0.4908400000      (bg)
     184       2       -0.4908900000      (bg)
     183       2       -0.4909700000      (ag)
     182       2       -0.4939900000      (bu)
     181       2       -0.4940000000      (bu)
     180       2       -0.4951400000      (ag)
     179       2       -0.4951400000      (ag)
     178       2       -0.5004100000      (ag)
     177       2       -0.5004100000      (ag)
     176       2       -0.5009800000      (bu)
     175       2       -0.5057600000      (bu)
     174       2       -0.5057800000      (bu)
     173       2       -0.5068200000      (au)
     172       2       -0.5068300000      (au)
     171       2       -0.5154700000      (ag)
     170       2       -0.5154900000      (ag)
     169       2       -0.5166300000      (bg)
     168       2       -0.5166400000      (bg)
     167       2       -0.5199400000      (au)
     166       2       -0.5211400000      (bu)
     165       2       -0.5211400000      (bu)
     164       2       -0.5237100000      (bu)
     163       2       -0.5265500000      (bu)
     162       2       -0.5265500000      (bu)
     161       2       -0.5293900000      (ag)
     160       2       -0.5310500000      (ag)
     159       2       -0.5318300000      (bu)
     158       2       -0.5388600000      (ag)
     157       2       -0.5388600000      (ag)
     156       2       -0.5408000000      (ag)
     155       2       -0.5408400000      (ag)
     154       2       -0.5426100000      (bu)
     153       2       -0.5426200000      (bu)
     152       2       -0.5559900000      (ag)
     151       2       -0.5563700000      (bu)
     150       2       -0.5571900000      (ag)
     149       2       -0.5672700000      (ag)
     148       2       -0.5702200000      (bu)
     147       2       -0.5702400000      (bu)
     146       2       -0.5719900000      (bu)
     145       2       -0.5843600000      (ag)
     144       2       -0.5843700000      (ag)
     143       2       -0.5911200000      (bu)
     142       2       -0.5911200000      (bu)
     141       2       -0.5985100000      (ag)
     140       2       -0.5985100000      (ag)
     139       2       -0.6183600000      (bu)
     138       2       -0.6183600000      (bu)
     137       2       -0.6191000000      (bu)
     136       2       -0.6218700000      (bu)
     135       2       -0.6231200000      (ag)
     134       2       -0.6231300000      (ag)
     133       2       -0.6333100000      (ag)
     132       2       -0.6477700000      (bu)
     131       2       -0.6580800000      (ag)
     130       2       -0.6580900000      (ag)
     129       2       -0.6634900000      (ag)
     128       2       -0.6730100000      (bu)
     127       2       -0.6730100000      (bu)
     126       2       -0.6938200000      (bu)
     125       2       -0.6986300000      (ag)
     124       2       -0.6986500000      (ag)
     123       2       -0.7019600000      (bu)
     122       2       -0.7019600000      (bu)
     121       2       -0.7164800000      (ag)
     120       2       -0.7164900000      (ag)
     119       2       -0.7209900000      (bu)
     118       2       -0.7210200000      (bu)
     117       2       -0.7225800000      (bu)
     116       2       -0.7242400000      (ag)
     115       2       -0.7305700000      (ag)
     114       2       -0.7308700000      (ag)
     113       2       -0.7568900000      (bu)
     112       2       -0.7598600000      (bu)
     111       2       -0.7598700000      (bu)
     110       2       -0.7661800000      (ag)
     109       2       -0.7661900000      (ag)
     108       2       -0.8072900000      (bu)
     107       2       -0.8073000000      (bu)
     106       2       -0.8099000000      (ag)
     105       2       -0.8099100000      (ag)
     104       2       -0.8220800000      (ag)
     103       2       -0.8336400000      (bu)
     102       2       -0.8403200000      (ag)
     101       2       -0.8415000000      (bu)
     100       2       -0.8564600000      (bu)
      99       2       -0.8564700000      (bu)
      98       2       -0.8668600000      (ag)
      97       2       -0.8668600000      (ag)
      96       2       -0.8766600000      (ag)
      95       2       -0.8766700000      (ag)
      94       2       -0.8885900000      (bu)
      93       2       -0.8934200000      (bu)
      92       2       -0.8934200000      (bu)
      91       2       -0.9001200000      (bu)
      90       2       -0.9060400000      (ag)
      89       2       -0.9081400000      (ag)
      88       2       -0.9081600000      (ag)
      87       2       -0.9169100000      (bu)
      86       2       -0.9169100000      (bu)
      85       2       -0.9279400000      (ag)
      84       2       -0.9332600000      (ag)
      83       2       -0.9518100000      (bu)
      82       2       -0.9518200000      (bu)
      81       2       -0.9716800000      (ag)
      80       2       -0.9716800000      (ag)
      79       2       -0.9876300000      (bu)
      78       2       -0.9888600000      (bu)
      77       2       -1.0005900000      (ag)
      76       2       -1.0006000000      (ag)
      75       2       -1.0082000000      (bu)
      74       2       -1.0082100000      (bu)
      73       2       -1.0107700000      (ag)
      72       2      -10.2972500000      (ag)
      71       2      -10.2972500000      (bu)
      70       2      -10.2972700000      (bu)
      69       2      -10.2972700000      (ag)
      68       2      -10.2972700000      (ag)
      67       2      -10.2972700000      (bu)
      66       2      -10.2972800000      (bu)
      65       2      -10.2972800000      (ag)
      64       2      -10.2972900000      (ag)
      63       2      -10.2973000000      (bu)
      62       2      -10.2973000000      (bu)
      61       2      -10.2973000000      (ag)
      60       2      -10.2985000000      (bu)
      59       2      -10.2985000000      (ag)
      58       2      -10.2985100000      (bu)
      57       2      -10.2985100000      (bu)
      56       2      -10.2985100000      (ag)
      55       2      -10.2985100000      (ag)
      54       2      -10.2993100000      (bu)
      53       2      -10.2993100000      (ag)
      52       2      -10.2993200000      (bu)
      51       2      -10.2993200000      (ag)
      50       2      -10.2993200000      (bu)
      49       2      -10.2993200000      (ag)
      48       2      -10.2995600000      (ag)
      47       2      -10.2995600000      (bu)
      46       2      -10.2995600000      (ag)
      45       2      -10.2995600000      (bu)
      44       2      -10.2995600000      (bu)
      43       2      -10.2995600000      (ag)
      42       2      -10.2995800000      (ag)
      41       2      -10.2995800000      (bu)
      40       2      -10.2995900000      (ag)
      39       2      -10.2995900000      (bu)
      38       2      -10.2995900000      (bu)
      37       2      -10.2995900000      (ag)
      36       2      -10.3053600000      (ag)
      35       2      -10.3053700000      (bu)
      34       2      -10.3053700000      (bu)
      33       2      -10.3053700000      (ag)
      32       2      -10.3053700000      (ag)
      31       2      -10.3053700000      (bu)
      30       2      -10.3078600000      (ag)
      29       2      -10.3078600000      (bu)
      28       2      -10.3078600000      (bu)
      27       2      -10.3078600000      (ag)
      26       2      -10.3078600000      (bu)
      25       2      -10.3078600000      (ag)
      24       2      -10.3093000000      (ag)
      23       2      -10.3093000000      (bu)
      22       2      -10.3093000000      (bu)
      21       2      -10.3093000000      (ag)
      20       2      -10.3093100000      (bu)
      19       2      -10.3093100000      (ag)
      18       2      -10.3093400000      (ag)
      17       2      -10.3093400000      (bu)
      16       2      -10.3093400000      (bu)
      15       2      -10.3093400000      (ag)
      14       2      -10.3093500000      (bu)
      13       2      -10.3093500000      (ag)
      12       2      -10.3098100000      (ag)
      11       2      -10.3098100000      (bu)
      10       2      -10.3098100000      (bu)
       9       2      -10.3098100000      (ag)
       8       2      -10.3098400000      (bu)
       7       2      -10.3098400000      (ag)
       6       2      -10.3100800000      (ag)
       5       2      -10.3100900000      (bu)
       4       2      -10.3100900000      (bu)
       3       2      -10.3100900000      (ag)
       2       2      -10.3101200000      (ag)
       1       2      -10.3101200000      (bu)
