     590       0       24.3679000000       (a)
     589       0       24.3518500000       (a)
     588       0       24.3518200000       (a)
     587       0       24.3340800000       (a)
     586       0       24.3116200000       (a)
     585       0       24.3115600000       (a)
     584       0       24.2897500000       (a)
     583       0       24.2897100000       (a)
     582       0       24.2849300000       (a)
     581       0       24.2670000000       (a)
     580       0       24.2670000000       (a)
     579       0       24.2557100000       (a)
     578       0       24.0867400000       (a)
     577       0       24.0867100000       (a)
     576       0       24.0303400000       (a)
     575       0       24.0302900000       (a)
     574       0       24.0201600000       (a)
     573       0       23.9953300000       (a)
     572       0       23.9339200000       (a)
     571       0       23.9339000000       (a)
     570       0       23.8982300000       (a)
     569       0       23.8136700000       (a)
     568       0       23.8136500000       (a)
     567       0       23.5039600000       (a)
     566       0        5.1027600000       (a)
     565       0        4.9501800000       (a)
     564       0        4.9427000000       (a)
     563       0        4.9426800000       (a)
     562       0        4.8343700000       (a)
     561       0        4.8093200000       (a)
     560       0        4.8093100000       (a)
     559       0        4.5339200000       (a)
     558       0        4.5339000000       (a)
     557       0        4.4065600000       (a)
     556       0        4.4065500000       (a)
     555       0        4.3679300000       (a)
     554       0        4.2012800000       (a)
     553       0        4.1990000000       (a)
     552       0        4.1990000000       (a)
     551       0        4.1346500000       (a)
     550       0        4.1043300000       (a)
     549       0        4.1043200000       (a)
     548       0        4.0530100000       (a)
     547       0        4.0060100000       (a)
     546       0        4.0059900000       (a)
     545       0        3.9065800000       (a)
     544       0        3.8323300000       (a)
     543       0        3.8323000000       (a)
     542       0        3.7748000000       (a)
     541       0        3.7466900000       (a)
     540       0        3.7466700000       (a)
     539       0        3.6659600000       (a)
     538       0        3.6659400000       (a)
     537       0        3.6622900000       (a)
     536       0        3.6334500000       (a)
     535       0        3.6334200000       (a)
     534       0        3.6155700000       (a)
     533       0        3.5890600000       (a)
     532       0        3.5890600000       (a)
     531       0        3.5540600000       (a)
     530       0        3.5319400000       (a)
     529       0        3.5177600000       (a)
     528       0        3.5177600000       (a)
     527       0        3.4683600000       (a)
     526       0        3.4683200000       (a)
     525       0        3.4445700000       (a)
     524       0        3.4445400000       (a)
     523       0        3.4291300000       (a)
     522       0        3.3823900000       (a)
     521       0        3.3716600000       (a)
     520       0        3.3716400000       (a)
     519       0        3.3577100000       (a)
     518       0        3.3291200000       (a)
     517       0        3.2883000000       (a)
     516       0        3.2882800000       (a)
     515       0        3.2871500000       (a)
     514       0        3.2706800000       (a)
     513       0        3.2037300000       (a)
     512       0        3.1932000000       (a)
     511       0        3.1931900000       (a)
     510       0        3.1647900000       (a)
     509       0        3.1647800000       (a)
     508       0        3.1498900000       (a)
     507       0        3.1498800000       (a)
     506       0        3.1465300000       (a)
     505       0        3.1046900000       (a)
     504       0        3.1046700000       (a)
     503       0        3.1033600000       (a)
     502       0        3.1004200000       (a)
     501       0        3.1004200000       (a)
     500       0        3.0747700000       (a)
     499       0        3.0617900000       (a)
     498       0        3.0216100000       (a)
     497       0        3.0216100000       (a)
     496       0        2.9882600000       (a)
     495       0        2.9858900000       (a)
     494       0        2.9858900000       (a)
     493       0        2.9449500000       (a)
     492       0        2.9404400000       (a)
     491       0        2.9404400000       (a)
     490       0        2.9383900000       (a)
     489       0        2.9383800000       (a)
     488       0        2.9155200000       (a)
     487       0        2.9153900000       (a)
     486       0        2.9153800000       (a)
     485       0        2.8831400000       (a)
     484       0        2.8831200000       (a)
     483       0        2.8825500000       (a)
     482       0        2.8773100000       (a)
     481       0        2.8523100000       (a)
     480       0        2.8472700000       (a)
     479       0        2.8472700000       (a)
     478       0        2.8462400000       (a)
     477       0        2.8407800000       (a)
     476       0        2.8407800000       (a)
     475       0        2.8218400000       (a)
     474       0        2.8192500000       (a)
     473       0        2.8192500000       (a)
     472       0        2.8058300000       (a)
     471       0        2.8058200000       (a)
     470       0        2.7817400000       (a)
     469       0        2.7614900000       (a)
     468       0        2.7614900000       (a)
     467       0        2.7474400000       (a)
     466       0        2.7474400000       (a)
     465       0        2.7420100000       (a)
     464       0        2.7376200000       (a)
     463       0        2.7376200000       (a)
     462       0        2.7290300000       (a)
     461       0        2.7233400000       (a)
     460       0        2.6801900000       (a)
     459       0        2.6739900000       (a)
     458       0        2.6739800000       (a)
     457       0        2.6557400000       (a)
     456       0        2.5927300000       (a)
     455       0        2.5927300000       (a)
     454       0        2.5778700000       (a)
     453       0        2.5778500000       (a)
     452       0        2.5637100000       (a)
     451       0        2.5433700000       (a)
     450       0        2.5378500000       (a)
     449       0        2.5378300000       (a)
     448       0        2.5048800000       (a)
     447       0        2.5048200000       (a)
     446       0        2.4976400000       (a)
     445       0        2.4830900000       (a)
     444       0        2.4490900000       (a)
     443       0        2.4490700000       (a)
     442       0        2.3756200000       (a)
     441       0        2.3683300000       (a)
     440       0        2.3683200000       (a)
     439       0        2.3540500000       (a)
     438       0        2.3452000000       (a)
     437       0        2.3451800000       (a)
     436       0        2.3438600000       (a)
     435       0        2.3102200000       (a)
     434       0        2.3102000000       (a)
     433       0        2.2588100000       (a)
     432       0        2.2543300000       (a)
     431       0        2.2543100000       (a)
     430       0        2.2401800000       (a)
     429       0        2.2401700000       (a)
     428       0        2.2337000000       (a)
     427       0        2.2291900000       (a)
     426       0        2.2073800000       (a)
     425       0        2.2073600000       (a)
     424       0        2.1920700000       (a)
     423       0        2.1877100000       (a)
     422       0        2.1775300000       (a)
     421       0        2.1775100000       (a)
     420       0        2.1272500000       (a)
     419       0        2.1272400000       (a)
     418       0        2.1199600000       (a)
     417       0        2.1199500000       (a)
     416       0        2.1097200000       (a)
     415       0        2.1067900000       (a)
     414       0        2.1067700000       (a)
     413       0        2.0927500000       (a)
     412       0        2.0927400000       (a)
     411       0        2.0638800000       (a)
     410       0        2.0485000000       (a)
     409       0        2.0407300000       (a)
     408       0        2.0382000000       (a)
     407       0        2.0382000000       (a)
     406       0        2.0109800000       (a)
     405       0        2.0109700000       (a)
     404       0        2.0078000000       (a)
     403       0        2.0077900000       (a)
     402       0        1.9883700000       (a)
     401       0        1.9883600000       (a)
     400       0        1.9791800000       (a)
     399       0        1.9484700000       (a)
     398       0        1.9473300000       (a)
     397       0        1.9473300000       (a)
     396       0        1.9343500000       (a)
     395       0        1.9343400000       (a)
     394       0        1.9164800000       (a)
     393       0        1.9079100000       (a)
     392       0        1.9079000000       (a)
     391       0        1.8930400000       (a)
     390       0        1.8808400000       (a)
     389       0        1.8783000000       (a)
     388       0        1.8782700000       (a)
     387       0        1.8762400000       (a)
     386       0        1.8531800000       (a)
     385       0        1.8493300000       (a)
     384       0        1.8493300000       (a)
     383       0        1.8392600000       (a)
     382       0        1.8392500000       (a)
     381       0        1.8238900000       (a)
     380       0        1.8116400000       (a)
     379       0        1.8116200000       (a)
     378       0        1.7973200000       (a)
     377       0        1.7890000000       (a)
     376       0        1.7889900000       (a)
     375       0        1.7729500000       (a)
     374       0        1.7508300000       (a)
     373       0        1.7474100000       (a)
     372       0        1.7474000000       (a)
     371       0        1.7306100000       (a)
     370       0        1.7306100000       (a)
     369       0        1.7214800000       (a)
     368       0        1.6958300000       (a)
     367       0        1.6936100000       (a)
     366       0        1.6936100000       (a)
     365       0        1.6907400000       (a)
     364       0        1.6907400000       (a)
     363       0        1.6515900000       (a)
     362       0        1.6460900000       (a)
     361       0        1.6460400000       (a)
     360       0        1.6425900000       (a)
     359       0        1.6287600000       (a)
     358       0        1.6287500000       (a)
     357       0        1.6285400000       (a)
     356       0        1.6254800000       (a)
     355       0        1.6254700000       (a)
     354       0        1.6054200000       (a)
     353       0        1.5718600000       (a)
     352       0        1.5718500000       (a)
     351       0        1.5666100000       (a)
     350       0        1.5666000000       (a)
     349       0        1.5566400000       (a)
     348       0        1.5463300000       (a)
     347       0        1.5413600000       (a)
     346       0        1.5413500000       (a)
     345       0        1.5165000000       (a)
     344       0        1.5164700000       (a)
     343       0        1.5090800000       (a)
     342       0        1.4133100000       (a)
     341       0        1.4133000000       (a)
     340       0        1.4057600000       (a)
     339       0        1.3772100000       (a)
     338       0        1.3571600000       (a)
     337       0        1.3571500000       (a)
     336       0        1.3416400000       (a)
     335       0        1.3416300000       (a)
     334       0        1.3368900000       (a)
     333       0        1.3001400000       (a)
     332       0        1.2719900000       (a)
     331       0        1.2719800000       (a)
     330       0        1.2701000000       (a)
     329       0        1.2358700000       (a)
     328       0        1.2358600000       (a)
     327       0        1.2270700000       (a)
     326       0        1.2270700000       (a)
     325       0        1.2094600000       (a)
     324       0        1.2030900000       (a)
     323       0        1.2030200000       (a)
     322       0        1.2030100000       (a)
     321       0        1.1989800000       (a)
     320       0        1.1989700000       (a)
     319       0        1.1875300000       (a)
     318       0        1.1831900000       (a)
     317       0        1.1719100000       (a)
     316       0        1.1719100000       (a)
     315       0        1.1378400000       (a)
     314       0        1.1356100000       (a)
     313       0        1.1356100000       (a)
     312       0        1.1226600000       (a)
     311       0        1.1226600000       (a)
     310       0        1.1121700000       (a)
     309       0        1.0995000000       (a)
     308       0        1.0978000000       (a)
     307       0        1.0977900000       (a)
     306       0        1.0929500000       (a)
     305       0        1.0929400000       (a)
     304       0        1.0914100000       (a)
     303       0        1.0843900000       (a)
     302       0        1.0796100000       (a)
     301       0        1.0796000000       (a)
     300       0        1.0792400000       (a)
     299       0        1.0792300000       (a)
     298       0        1.0657800000       (a)
     297       0        1.0657800000       (a)
     296       0        1.0535100000       (a)
     295       0        1.0535000000       (a)
     294       0        1.0529900000       (a)
     293       0        1.0454100000       (a)
     292       0        1.0221200000       (a)
     291       0        1.0126800000       (a)
     290       0        1.0119700000       (a)
     289       0        1.0119700000       (a)
     288       0        1.0046500000       (a)
     287       0        1.0018100000       (a)
     286       0        1.0018000000       (a)
     285       0        0.9901400000       (a)
     284       0        0.9700300000       (a)
     283       0        0.9700200000       (a)
     282       0        0.9573900000       (a)
     281       0        0.9551000000       (a)
     280       0        0.9551000000       (a)
     279       0        0.9417700000       (a)
     278       0        0.9343200000       (a)
     277       0        0.9272100000       (a)
     276       0        0.9272100000       (a)
     275       0        0.9179400000       (a)
     274       0        0.9179400000       (a)
     273       0        0.8968200000       (a)
     272       0        0.8858400000       (a)
     271       0        0.8858300000       (a)
     270       0        0.8844900000       (a)
     269       0        0.8606300000       (a)
     268       0        0.8589500000       (a)
     267       0        0.8589400000       (a)
     266       0        0.8465500000       (a)
     265       0        0.8397400000       (a)
     264       0        0.8397300000       (a)
     263       0        0.8285600000       (a)
     262       0        0.8285600000       (a)
     261       0        0.8243600000       (a)
     260       0        0.8243500000       (a)
     259       0        0.8214000000       (a)
     258       0        0.8104800000       (a)
     257       0        0.8104800000       (a)
     256       0        0.7993900000       (a)
     255       0        0.7983400000       (a)
     254       0        0.7983400000       (a)
     253       0        0.7871600000       (a)
     252       0        0.7708700000       (a)
     251       0        0.7708700000       (a)
     250       0        0.7706800000       (a)
     249       0        0.7600200000       (a)
     248       0        0.7461700000       (a)
     247       0        0.7357800000       (a)
     246       0        0.7250600000       (a)
     245       0        0.7250600000       (a)
     244       0        0.7218100000       (a)
     243       0        0.7218000000       (a)
     242       0        0.7167300000       (a)
     241       0        0.7167300000       (a)
     240       0        0.7077300000       (a)
     239       0        0.6991500000       (a)
     238       0        0.6991500000       (a)
     237       0        0.6987000000       (a)
     236       0        0.6963400000       (a)
     235       0        0.6963400000       (a)
     234       0        0.6901800000       (a)
     233       0        0.6901700000       (a)
     232       0        0.6832700000       (a)
     231       0        0.6746100000       (a)
     230       0        0.6746100000       (a)
     229       0        0.6695900000       (a)
     228       0        0.6695800000       (a)
     227       0        0.6677500000       (a)
     226       0        0.6531600000       (a)
     225       0        0.6467600000       (a)
     224       0        0.6449500000       (a)
     223       0        0.6388800000       (a)
     222       0        0.6388800000       (a)
     221       0        0.6301400000       (a)
     220       0        0.6174400000       (a)
     219       0        0.6174400000       (a)
     218       0        0.6039200000       (a)
     217       0        0.6039200000       (a)
     216       0        0.6026200000       (a)
     215       0        0.6026100000       (a)
     214       0        0.6023100000       (a)
     213       0        0.5889700000       (a)
     212       0        0.5689300000       (a)
     211       0        0.5676800000       (a)
     210       0        0.5676700000       (a)
     209       0        0.5408300000       (a)
     208       0        0.5408200000       (a)
     207       0        0.5311700000       (a)
     206       0        0.5145300000       (a)
     205       0        0.5145200000       (a)
     204       0        0.4972800000       (a)
     203       0        0.4746100000       (a)
     202       0        0.4746000000       (a)
     201       0        0.4746000000       (a)
     200       0        0.4600700000       (a)
     199       0        0.4600700000       (a)
     198       0        0.4547500000       (a)
     197       0        0.4518300000       (a)
     196       0        0.4518200000       (a)
     195       0        0.4316500000       (a)
     194       0        0.4296300000       (a)
     193       0        0.4296300000       (a)
     192       0        0.4229600000       (a)
     191       0        0.4126800000       (a)
     190       0        0.4126800000       (a)
     189       0        0.4039800000       (a)
     188       0        0.3975500000       (a)
     187       0        0.3975500000       (a)
     186       0        0.3936700000       (a)
     185       0        0.3936700000       (a)
     184       0        0.3926600000       (a)
     183       0        0.3845700000       (a)
     182       0        0.3845600000       (a)
     181       0        0.3840900000       (a)
     180       0        0.3785200000       (a)
     179       0        0.3785200000       (a)
     178       0        0.3664500000       (a)
     177       0        0.3625700000       (a)
     176       0        0.3609500000       (a)
     175       0        0.3600600000       (a)
     174       0        0.3600500000       (a)
     173       0        0.3542400000       (a)
     172       0        0.3510700000       (a)
     171       0        0.3424000000       (a)
     170       0        0.3423900000       (a)
     169       0        0.3383600000       (a)
     168       0        0.3383600000       (a)
     167       0        0.3366400000       (a)
     166       0        0.3366400000       (a)
     165       0        0.3282900000       (a)
     164       0        0.3282800000       (a)
     163       0        0.3241000000       (a)
     162       0        0.3184300000       (a)
     161       0        0.3179900000       (a)
     160       0        0.3179800000       (a)
     159       0        0.3151300000       (a)
     158       0        0.3044800000       (a)
     157       0        0.2891100000       (a)
     156       0        0.2891000000       (a)
     155       0        0.2819600000       (a)
     154       0        0.2814500000       (a)
     153       0        0.2781200000       (a)
     152       0        0.2781200000       (a)
     151       0        0.2694500000       (a)
     150       0        0.2694500000       (a)
     149       0        0.2673400000       (a)
     148       0        0.2673400000       (a)
     147       0        0.2649600000       (a)
     146       0        0.2644900000       (a)
     145       0        0.2644900000       (a)
     144       0        0.2641500000       (a)
     143       0        0.2533200000       (a)
     142       0        0.2533200000       (a)
     141       0        0.2463300000       (a)
     140       0        0.2417300000       (a)
     139       0        0.2417300000       (a)
     138       0        0.2411500000       (a)
     137       0        0.2334100000       (a)
     136       0        0.2334100000       (a)
     135       0        0.2310500000       (a)
     134       0        0.2302200000       (a)
     133       0        0.2302200000       (a)
     132       0        0.2297500000       (a)
     131       0        0.2297500000       (a)
     130       0        0.2167900000       (a)
     129       0        0.2161100000       (a)
     128       0        0.2144500000       (a)
     127       0        0.2144500000       (a)
     126       0        0.2022900000       (a)
     125       0        0.2022900000       (a)
     124       0        0.1866900000       (a)
     123       0        0.1866900000       (a)
     122       0        0.1832800000       (a)
     121       0        0.1826300000       (a)
     120       0        0.1826300000       (a)
     119       0        0.1781600000       (a)
     118       0        0.1780000000       (a)
     117       0        0.1780000000       (a)
     116       0        0.1771100000       (a)
     115       0        0.1682700000       (a)
     114       0        0.1682700000       (a)
     113       0        0.1666700000       (a)
     112       0        0.1656900000       (a)
     111       0        0.1601700000       (a)
     110       0        0.1601600000       (a)
     109       0        0.1601600000       (a)
     108       0        0.1523900000       (a)
     107       0        0.1494000000       (a)
     106       0        0.1494000000       (a)
     105       0        0.1453900000       (a)
     104       0        0.1367400000       (a)
     103       0        0.1367400000       (a)
     102       0        0.1299300000       (a)
     101       0        0.1265500000       (a)
     100       0        0.1265500000       (a)
      99       0        0.1122600000       (a)
      98       0        0.1122600000       (a)
      97       0        0.1089400000       (a)
      96       0        0.1089400000       (a)
      95       0        0.1030800000       (a)
      94       0        0.0985400000       (a)
      93       0        0.0840900000       (a)
      92       0        0.0840900000       (a)
      91       0        0.0668900000       (a)
      90       0        0.0663400000       (a)
      89       0        0.0577900000       (a)
      88       0        0.0551300000       (a)
      87       0        0.0551200000       (a)
      86       0        0.0529000000       (a)
      85       0        0.0529000000       (a)
      84       0        0.0418600000       (a)
      83       0        0.0418600000       (a)
      82       0        0.0382600000       (a)
      81       0        0.0334100000       (a)
      80       0       -0.0514200000       (a)
      79       0       -0.0514300000       (a)
      78       2       -0.2454500000       (a)
      77       2       -0.2454500000       (a)
      76       2       -0.3342200000       (a)
      75       2       -0.3364100000       (a)
      74       2       -0.3364100000       (a)
      73       2       -0.3555500000       (a)
      72       2       -0.4052000000       (a)
      71       2       -0.4052100000       (a)
      70       2       -0.4177900000       (a)
      69       2       -0.4216700000       (a)
      68       2       -0.4216700000       (a)
      67       2       -0.4471100000       (a)
      66       2       -0.4471100000       (a)
      65       2       -0.4483000000       (a)
      64       2       -0.4626500000       (a)
      63       2       -0.4626600000       (a)
      62       2       -0.4629000000       (a)
      61       2       -0.4741000000       (a)
      60       2       -0.4777900000       (a)
      59       2       -0.4778000000       (a)
      58       2       -0.5059000000       (a)
      57       2       -0.5059100000       (a)
      56       2       -0.5062600000       (a)
      55       2       -0.5271400000       (a)
      54       2       -0.5277000000       (a)
      53       2       -0.5277000000       (a)
      52       2       -0.5341700000       (a)
      51       2       -0.5671400000       (a)
      50       2       -0.5671500000       (a)
      49       2       -0.5730800000       (a)
      48       2       -0.5939000000       (a)
      47       2       -0.6092800000       (a)
      46       2       -0.6092900000       (a)
      45       2       -0.6303400000       (a)
      44       2       -0.6303500000       (a)
      43       2       -0.6788700000       (a)
      42       2       -0.6942900000       (a)
      41       2       -0.6942900000       (a)
      40       2       -0.7065800000       (a)
      39       2       -0.7088300000       (a)
      38       2       -0.7774800000       (a)
      37       2       -0.7774800000       (a)
      36       2       -0.7982800000       (a)
      35       2       -0.7982800000       (a)
      34       2       -0.8581800000       (a)
      33       2       -0.8581900000       (a)
      32       2       -0.8711900000       (a)
      31       2       -0.8727600000       (a)
      30       2       -0.9218300000       (a)
      29       2       -0.9279200000       (a)
      28       2       -0.9279200000       (a)
      27       2       -0.9829100000       (a)
      26       2       -0.9829200000       (a)
      25       2       -1.0233700000       (a)
      24       2      -10.2822600000       (a)
      23       2      -10.2822700000       (a)
      22       2      -10.2822700000       (a)
      21       2      -10.2942900000       (a)
      20       2      -10.2943600000       (a)
      19       2      -10.2943600000       (a)
      18       2      -10.2980100000       (a)
      17       2      -10.2980200000       (a)
      16       2      -10.2980600000       (a)
      15       2      -10.3079800000       (a)
      14       2      -10.3079800000       (a)
      13       2      -10.3079900000       (a)
      12       2      -10.3089800000       (a)
      11       2      -10.3089800000       (a)
      10       2      -10.3089900000       (a)
       9       2      -10.3091600000       (a)
       8       2      -10.3091600000       (a)
       7       2      -10.3091600000       (a)
       6       2      -10.3105700000       (a)
       5       2      -10.3105700000       (a)
       4       2      -10.3105700000       (a)
       3       2      -10.3106800000       (a)
       2       2      -10.3106800000       (a)
       1       2      -10.3106900000       (a)
