     274       0       24.3419000000      (a')
     273       0       24.3392600000      (a')
     272       0       24.2792200000      (a')
     271       0       24.2731000000      (a')
     270       0       24.1598500000      (a')
     269       0       24.1127000000      (a')
     268       0       24.0903800000      (a')
     267       0       24.0586400000      (a')
     266       0       23.9416500000      (a')
     265       0       23.6584800000      (a')
     264       0        4.9484100000      (a')
     263       0        4.9246300000      (a')
     262       0        4.4768900000      (a')
     261       0        4.3077300000      (a')
     260       0        4.2770300000      (a')
     259       0        4.1651200000      (a')
     258       0        4.1445500000      (a')
     257       0        4.1379100000      (a')
     256       0        4.1378300000      (a')
     255       0        3.8439100000      (a')
     254       0        3.7688600000      (a')
     253       0        3.7509000000      (a')
     252       0        3.6738500000      (a')
     251       0        3.6272800000      (a')
     250       0        3.6204400000      (a')
     249       0        3.5855900000      (a')
     248       0        3.5115300000      (a')
     247       0        3.4928700000      (a')
     246       0        3.4532300000      (a')
     245       0        3.4328200000      (a')
     244       0        3.3266000000      (a')
     243       0        3.3095100000      (a')
     242       0        3.2034700000      (a")
     241       0        3.1738300000      (a")
     240       0        3.1043100000      (a')
     239       0        3.0618200000      (a')
     238       0        3.0289900000      (a")
     237       0        3.0108900000      (a")
     236       0        3.0058000000      (a")
     235       0        2.9808500000      (a')
     234       0        2.9431800000      (a')
     233       0        2.9305800000      (a")
     232       0        2.9235600000      (a")
     231       0        2.8910100000      (a")
     230       0        2.8831000000      (a')
     229       0        2.8679800000      (a')
     228       0        2.8534200000      (a')
     227       0        2.8475000000      (a')
     226       0        2.8407900000      (a')
     225       0        2.8231100000      (a')
     224       0        2.8224900000      (a')
     223       0        2.8069900000      (a')
     222       0        2.8012500000      (a')
     221       0        2.8012300000      (a')
     220       0        2.7956200000      (a")
     219       0        2.7637200000      (a')
     218       0        2.7526700000      (a')
     217       0        2.7525600000      (a")
     216       0        2.6605900000      (a')
     215       0        2.6081000000      (a')
     214       0        2.6057100000      (a')
     213       0        2.5684800000      (a')
     212       0        2.5677700000      (a')
     211       0        2.5327700000      (a')
     210       0        2.5172300000      (a')
     209       0        2.5081300000      (a")
     208       0        2.4764400000      (a")
     207       0        2.3419300000      (a')
     206       0        2.3233700000      (a')
     205       0        2.2909200000      (a")
     204       0        2.2864100000      (a")
     203       0        2.2192300000      (a")
     202       0        2.2145000000      (a')
     201       0        2.2142500000      (a')
     200       0        2.1773500000      (a')
     199       0        2.1232400000      (a")
     198       0        2.0877300000      (a')
     197       0        2.0640200000      (a')
     196       0        2.0559600000      (a')
     195       0        2.0550300000      (a')
     194       0        2.0490700000      (a")
     193       0        2.0272200000      (a')
     192       0        2.0196000000      (a")
     191       0        2.0119200000      (a')
     190       0        2.0036900000      (a')
     189       0        1.9935600000      (a")
     188       0        1.9885200000      (a')
     187       0        1.9726700000      (a")
     186       0        1.9281700000      (a')
     185       0        1.9209600000      (a')
     184       0        1.8543400000      (a')
     183       0        1.8486400000      (a")
     182       0        1.8374500000      (a")
     181       0        1.8277900000      (a")
     180       0        1.8231200000      (a')
     179       0        1.8210800000      (a")
     178       0        1.7717900000      (a')
     177       0        1.7425100000      (a')
     176       0        1.7317300000      (a')
     175       0        1.7312400000      (a')
     174       0        1.6844900000      (a')
     173       0        1.6841400000      (a")
     172       0        1.6726500000      (a')
     171       0        1.6545500000      (a")
     170       0        1.6495100000      (a")
     169       0        1.6097100000      (a')
     168       0        1.6019800000      (a")
     167       0        1.5936000000      (a')
     166       0        1.5821000000      (a")
     165       0        1.5784700000      (a')
     164       0        1.5783600000      (a')
     163       0        1.5484000000      (a')
     162       0        1.4415200000      (a')
     161       0        1.4283000000      (a')
     160       0        1.4149800000      (a')
     159       0        1.2640700000      (a')
     158       0        1.2442400000      (a")
     157       0        1.2320600000      (a")
     156       0        1.2082900000      (a')
     155       0        1.1874500000      (a")
     154       0        1.1833800000      (a")
     153       0        1.1639200000      (a')
     152       0        1.1462600000      (a')
     151       0        1.1443600000      (a")
     150       0        1.1346700000      (a")
     149       0        1.1114400000      (a")
     148       0        1.0795400000      (a')
     147       0        1.0721200000      (a')
     146       0        1.0580400000      (a")
     145       0        1.0215500000      (a')
     144       0        1.0191700000      (a')
     143       0        1.0175500000      (a')
     142       0        1.0099600000      (a")
     141       0        1.0026500000      (a')
     140       0        0.9839100000      (a')
     139       0        0.9748200000      (a')
     138       0        0.9683900000      (a')
     137       0        0.9558400000      (a')
     136       0        0.9538900000      (a')
     135       0        0.9204500000      (a')
     134       0        0.9197500000      (a')
     133       0        0.9034000000      (a')
     132       0        0.8976800000      (a')
     131       0        0.8843800000      (a')
     130       0        0.8716000000      (a')
     129       0        0.8432600000      (a')
     128       0        0.8308400000      (a')
     127       0        0.8171800000      (a')
     126       0        0.8148100000      (a')
     125       0        0.8130500000      (a")
     124       0        0.8032800000      (a')
     123       0        0.7756400000      (a")
     122       0        0.7503100000      (a')
     121       0        0.7480400000      (a')
     120       0        0.7199500000      (a")
     119       0        0.7081500000      (a")
     118       0        0.7060600000      (a")
     117       0        0.6959000000      (a')
     116       0        0.6862100000      (a')
     115       0        0.6718200000      (a")
     114       0        0.6701000000      (a')
     113       0        0.6640000000      (a')
     112       0        0.6595800000      (a")
     111       0        0.6478800000      (a")
     110       0        0.6427200000      (a')
     109       0        0.6382500000      (a')
     108       0        0.6340800000      (a')
     107       0        0.6337600000      (a')
     106       0        0.6197900000      (a")
     105       0        0.6064700000      (a")
     104       0        0.6015300000      (a')
     103       0        0.5787100000      (a')
     102       0        0.5680200000      (a')
     101       0        0.5600300000      (a')
     100       0        0.4823100000      (a')
      99       0        0.4608700000      (a')
      98       0        0.4528100000      (a')
      97       0        0.4309400000      (a')
      96       0        0.4295800000      (a')
      95       0        0.3989300000      (a')
      94       0        0.3986600000      (a')
      93       0        0.3885200000      (a')
      92       0        0.3740300000      (a')
      91       0        0.3657600000      (a')
      90       0        0.3651000000      (a')
      89       0        0.3595600000      (a')
      88       0        0.3539600000      (a')
      87       0        0.3480900000      (a')
      86       0        0.3370400000      (a')
      85       0        0.3369300000      (a')
      84       0        0.3346100000      (a')
      83       0        0.3307500000      (a')
      82       0        0.3161800000      (a')
      81       0        0.3042600000      (a')
      80       0        0.3042300000      (a')
      79       0        0.2957300000      (a')
      78       0        0.2925200000      (a")
      77       0        0.2917700000      (a')
      76       0        0.2913000000      (a')
      75       0        0.2757200000      (a')
      74       0        0.2702000000      (a")
      73       0        0.2596200000      (a")
      72       0        0.2577400000      (a')
      71       0        0.2566000000      (a')
      70       0        0.2400300000      (a')
      69       0        0.2269200000      (a')
      68       0        0.2230800000      (a')
      67       0        0.2218500000      (a')
      66       0        0.2196000000      (a")
      65       0        0.2147400000      (a')
      64       0        0.2045300000      (a")
      63       0        0.1989400000      (a")
      62       0        0.1869700000      (a')
      61       0        0.1853700000      (a")
      60       0        0.1823600000      (a")
      59       0        0.1795600000      (a')
      58       0        0.1785300000      (a')
      57       0        0.1782700000      (a')
      56       0        0.1742800000      (a')
      55       0        0.1652500000      (a')
      54       0        0.1620700000      (a')
      53       0        0.1537600000      (a')
      52       0        0.1528200000      (a')
      51       0        0.1495100000      (a")
      50       0        0.1475500000      (a')
      49       0        0.1385400000      (a")
      48       0        0.1247900000      (a")
      47       0        0.1173100000      (a')
      46       0        0.1169700000      (a")
      45       0        0.1121800000      (a')
      44       0        0.0874700000      (a')
      43       0        0.0837400000      (a')
      42       0        0.0759300000      (a")
      41       0        0.0637600000      (a')
      40       0        0.0626500000      (a')
      39       0        0.0477800000      (a')
      38       0        0.0470400000      (a')
      37       0        0.0442100000      (a")
      36       0        0.0396300000      (a')
      35       0        0.0163400000      (a")
      34       2       -0.2946900000      (a")
      33       2       -0.3232000000      (a")
      32       2       -0.3727900000      (a")
      31       2       -0.4159300000      (a')
      30       2       -0.4209800000      (a")
      29       2       -0.4240300000      (a')
      28       2       -0.4560700000      (a')
      27       2       -0.4888200000      (a")
      26       2       -0.4900300000      (a')
      25       2       -0.5074400000      (a')
      24       2       -0.5074600000      (a')
      23       2       -0.5339700000      (a')
      22       2       -0.5397100000      (a')
      21       2       -0.5897300000      (a')
      20       2       -0.6045400000      (a')
      19       2       -0.6119000000      (a')
      18       2       -0.6963900000      (a')
      17       2       -0.7115100000      (a')
      16       2       -0.7254400000      (a')
      15       2       -0.8240900000      (a')
      14       2       -0.8462700000      (a')
      13       2       -0.8798000000      (a')
      12       2       -0.9298400000      (a')
      11       2       -0.9844300000      (a')
      10       2      -10.2913900000      (a')
       9       2      -10.2914100000      (a')
       8       2      -10.2917700000      (a')
       7       2      -10.2917900000      (a')
       6       2      -10.2923900000      (a')
       5       2      -10.2924100000      (a')
       4       2      -10.2924800000      (a')
       3       2      -10.2925000000      (a')
       2       2      -10.3005300000      (a')
       1       2      -10.3010000000      (a')
